time	I(R4)	I(R5)	I(R7)	Ib(Q2)	Ib(Q4)	Ie(Q2)	Ie(Q3)	Ie(Q4)
0.000000000000000e+00	6.858176e-04	-6.858176e-04	-9.380045e-04	-1.649618e-04	3.400204e-06	2.862788e-06	-6.824174e-04	-7.793056e-04
4.288144243348923e-04	6.885155e-04	-6.831198e-04	-9.404464e-04	-1.643403e-04	3.413608e-06	2.848631e-06	-6.851018e-04	-7.823683e-04
8.576288486697847e-04	6.912069e-04	-6.804285e-04	-9.428823e-04	-1.637202e-04	3.426978e-06	2.834531e-06	-6.877799e-04	-7.854236e-04
1.286443273004677e-03	6.938919e-04	-6.777438e-04	-9.453121e-04	-1.631014e-04	3.440314e-06	2.820486e-06	-6.904516e-04	-7.884716e-04
1.715257697339569e-03	6.965705e-04	-6.750657e-04	-9.477360e-04	-1.624839e-04	3.453617e-06	2.806498e-06	-6.931168e-04	-7.915123e-04
2.144072121674462e-03	6.992426e-04	-6.723940e-04	-9.501539e-04	-1.618678e-04	3.466885e-06	2.792567e-06	-6.957757e-04	-7.945456e-04
2.572886546009354e-03	7.019083e-04	-6.697289e-04	-9.525658e-04	-1.612531e-04	3.480120e-06	2.778691e-06	-6.984282e-04	-7.975716e-04
3.001700970344245e-03	7.045675e-04	-6.670703e-04	-9.549717e-04	-1.606397e-04	3.493320e-06	2.764872e-06	-7.010742e-04	-8.005903e-04
4.954825970344245e-03	7.164524e-04	-6.551892e-04	-9.657211e-04	-1.578956e-04	3.552339e-06	2.703342e-06	-7.129001e-04	-8.140812e-04
6.907950970344245e-03	7.278772e-04	-6.437694e-04	-9.760502e-04	-1.552543e-04	3.609075e-06	2.644583e-06	-7.242681e-04	-8.270496e-04
8.861075970344245e-03	7.386700e-04	-6.329827e-04	-9.858041e-04	-1.527560e-04	3.662675e-06	2.589426e-06	-7.350073e-04	-8.393002e-04
1.081420097034425e-02	7.486683e-04	-6.229912e-04	-9.948368e-04	-1.504389e-04	3.712332e-06	2.538634e-06	-7.449560e-04	-8.506488e-04
1.276732597034425e-02	7.577217e-04	-6.139450e-04	-1.003013e-03	-1.483386e-04	3.757297e-06	2.492899e-06	-7.539644e-04	-8.609245e-04
1.472045097034425e-02	7.656937e-04	-6.059800e-04	-1.010210e-03	-1.464875e-04	3.796893e-06	2.452827e-06	-7.618968e-04	-8.699727e-04
1.667357597034425e-02	7.724644e-04	-5.992159e-04	-1.016322e-03	-1.449140e-04	3.830523e-06	2.418943e-06	-7.686339e-04	-8.776573e-04
1.862670097034425e-02	7.779317e-04	-5.937542e-04	-1.021256e-03	-1.436425e-04	3.857679e-06	2.391681e-06	-7.740740e-04	-8.838625e-04
2.057982597034425e-02	7.820133e-04	-5.896771e-04	-1.024938e-03	-1.426928e-04	3.877953e-06	2.371388e-06	-7.781353e-04	-8.884949e-04
2.253295097034425e-02	7.846477e-04	-5.870457e-04	-1.027315e-03	-1.420796e-04	3.891038e-06	2.358317e-06	-7.807566e-04	-8.914848e-04
2.448607597034425e-02	7.857952e-04	-5.858995e-04	-1.028350e-03	-1.418125e-04	3.896737e-06	2.352631e-06	-7.818985e-04	-8.927871e-04
2.643920097034425e-02	7.854386e-04	-5.862557e-04	-1.028029e-03	-1.418955e-04	3.894963e-06	2.354400e-06	-7.815436e-04	-8.923823e-04
2.839232597034425e-02	7.835831e-04	-5.881091e-04	-1.026355e-03	-1.423275e-04	3.885745e-06	2.363602e-06	-7.796974e-04	-8.902766e-04
3.034545097034425e-02	7.802568e-04	-5.914316e-04	-1.023354e-03	-1.431017e-04	3.869221e-06	2.380124e-06	-7.763876e-04	-8.865014e-04
3.229857597034425e-02	7.755097e-04	-5.961736e-04	-1.019070e-03	-1.442061e-04	3.845639e-06	2.403758e-06	-7.716641e-04	-8.811137e-04
3.425170097034425e-02	7.694135e-04	-6.022637e-04	-1.013569e-03	-1.456235e-04	3.815356e-06	2.434208e-06	-7.655981e-04	-8.741947e-04
3.620482597034425e-02	7.620598e-04	-6.096106e-04	-1.006930e-03	-1.473319e-04	3.778829e-06	2.471086e-06	-7.582810e-04	-8.658484e-04
3.815795097034425e-02	7.535595e-04	-6.181037e-04	-9.992549e-04	-1.493049e-04	3.736608e-06	2.513914e-06	-7.498229e-04	-8.562005e-04
4.011107597034425e-02	7.440406e-04	-6.276157e-04	-9.906569e-04	-1.515122e-04	3.689329e-06	2.562127e-06	-7.403513e-04	-8.453962e-04
4.206420097034425e-02	7.336463e-04	-6.380033e-04	-9.812651e-04	-1.539198e-04	3.637705e-06	2.615079e-06	-7.300086e-04	-8.335981e-04
4.401732597034425e-02	7.225333e-04	-6.491108e-04	-9.712199e-04	-1.564907e-04	3.582514e-06	2.672043e-06	-7.189508e-04	-8.209837e-04
4.597045097034425e-02	7.108686e-04	-6.607710e-04	-9.606720e-04	-1.591859e-04	3.524586e-06	2.732223e-06	-7.073440e-04	-8.077429e-04
4.792357597034425e-02	6.988278e-04	-6.728087e-04	-9.497795e-04	-1.619643e-04	3.464794e-06	2.794758e-06	-6.953631e-04	-7.940748e-04
4.987670097034425e-02	6.865922e-04	-6.850429e-04	-9.387061e-04	-1.647838e-04	3.404038e-06	2.858734e-06	-6.831882e-04	-7.801851e-04
5.182982597034425e-02	6.743458e-04	-6.972895e-04	-9.276182e-04	-1.676020e-04	3.343232e-06	2.923199e-06	-6.710026e-04	-7.662827e-04
5.378295097034425e-02	6.622728e-04	-7.093644e-04	-9.166826e-04	-1.703765e-04	3.283290e-06	2.987172e-06	-6.589895e-04	-7.525766e-04
5.573607597034425e-02	6.505546e-04	-7.210859e-04	-9.060642e-04	-1.730660e-04	3.225113e-06	3.049662e-06	-6.473295e-04	-7.392730e-04
5.768920097034425e-02	6.393674e-04	-7.322775e-04	-8.959230e-04	-1.756303e-04	3.169575e-06	3.109684e-06	-6.361979e-04	-7.265720e-04
5.964232597034425e-02	6.288795e-04	-7.427710e-04	-8.864122e-04	-1.780315e-04	3.117512e-06	3.166275e-06	-6.257620e-04	-7.146645e-04
6.159545097034425e-02	6.192485e-04	-7.524082e-04	-8.776754e-04	-1.802341e-04	3.069704e-06	3.218516e-06	-6.161788e-04	-7.037295e-04
6.354857597034425e-02	6.106190e-04	-7.610442e-04	-8.698446e-04	-1.822056e-04	3.026870e-06	3.265546e-06	-6.075921e-04	-6.939314e-04
6.550170097034425e-02	6.031206e-04	-7.685488e-04	-8.630386e-04	-1.839172e-04	2.989652e-06	3.306579e-06	-6.001310e-04	-6.854176e-04
6.745482597034425e-02	5.968661e-04	-7.748090e-04	-8.573601e-04	-1.853438e-04	2.958610e-06	3.340926e-06	-5.939075e-04	-6.783158e-04
6.940795097034425e-02	5.919494e-04	-7.797306e-04	-8.528954e-04	-1.864646e-04	2.934208e-06	3.368002e-06	-5.890151e-04	-6.727330e-04
7.136107597034425e-02	5.884442e-04	-7.832393e-04	-8.497121e-04	-1.872633e-04	2.916812e-06	3.387345e-06	-5.855274e-04	-6.687529e-04
7.331420097034425e-02	5.864033e-04	-7.852824e-04	-8.478583e-04	-1.877281e-04	2.906685e-06	3.398624e-06	-5.834966e-04	-6.664355e-04
7.526732597034425e-02	5.858573e-04	-7.858290e-04	-8.473623e-04	-1.878524e-04	2.903976e-06	3.401642e-06	-5.829533e-04	-6.658155e-04
7.722045097034425e-02	5.868142e-04	-7.848710e-04	-8.482315e-04	-1.876344e-04	2.908728e-06	3.396349e-06	-5.839056e-04	-6.669022e-04
7.917357597034425e-02	5.892600e-04	-7.824227e-04	-8.504528e-04	-1.870773e-04	2.920868e-06	3.382835e-06	-5.863391e-04	-6.696793e-04
8.112670097034425e-02	5.931577e-04	-7.785210e-04	-8.539925e-04	-1.861890e-04	2.940215e-06	3.361334e-06	-5.902175e-04	-6.741050e-04
8.307982597034425e-02	5.984489e-04	-7.732247e-04	-8.587969e-04	-1.849826e-04	2.966479e-06	3.332213e-06	-5.954824e-04	-6.801130e-04
8.503295097034425e-02	6.050540e-04	-7.666137e-04	-8.647933e-04	-1.834757e-04	2.999265e-06	3.295971e-06	-6.020548e-04	-6.876128e-04
8.698607597034425e-02	6.128739e-04	-7.587874e-04	-8.718907e-04	-1.816902e-04	3.038082e-06	3.253221e-06	-6.098358e-04	-6.964917e-04
8.893920097034425e-02	6.217912e-04	-7.498637e-04	-8.799817e-04	-1.796523e-04	3.082347e-06	3.204682e-06	-6.187088e-04	-7.066164e-04
9.089232597034425e-02	6.316718e-04	-7.399771e-04	-8.889441e-04	-1.773920e-04	3.131395e-06	3.151160e-06	-6.285404e-04	-7.178347e-04
9.284545097034425e-02	6.423673e-04	-7.292764e-04	-8.986421e-04	-1.749424e-04	3.184491e-06	3.093534e-06	-6.391827e-04	-7.299777e-04
9.479857597034425e-02	6.537169e-04	-7.179225e-04	-9.089295e-04	-1.723399e-04	3.240837e-06	3.032739e-06	-6.504760e-04	-7.428631e-04
9.675170097034425e-02	6.655500e-04	-7.060865e-04	-9.196508e-04	-1.696231e-04	3.299586e-06	2.969743e-06	-6.622504e-04	-7.562971e-04
9.870482597034425e-02	6.776887e-04	-6.939464e-04	-9.306446e-04	-1.668324e-04	3.359855e-06	2.905536e-06	-6.743289e-04	-7.700776e-04
1.016345134703442e-01	6.960700e-04	-6.755661e-04	-9.472833e-04	-1.625995e-04	3.451125e-06	2.809116e-06	-6.926188e-04	-7.909441e-04
1.035876384703442e-01	7.081708e-04	-6.634680e-04	-9.582312e-04	-1.598081e-04	3.511213e-06	2.746174e-06	-7.046596e-04	-8.046805e-04
1.055407634703442e-01	7.199362e-04	-6.517068e-04	-9.688712e-04	-1.570905e-04	3.569639e-06	2.685385e-06	-7.163665e-04	-8.180357e-04
1.074938884703442e-01	7.311890e-04	-6.404594e-04	-9.790437e-04	-1.544880e-04	3.625522e-06	2.627622e-06	-7.275635e-04	-8.308088e-04
1.094470134703442e-01	7.417600e-04	-6.298947e-04	-9.885960e-04	-1.520402e-04	3.678022e-06	2.573697e-06	-7.380820e-04	-8.428076e-04
1.114001384703442e-01	7.514901e-04	-6.201716e-04	-9.973854e-04	-1.497845e-04	3.726346e-06	2.524353e-06	-7.477637e-04	-8.538516e-04
1.133532634703442e-01	7.602326e-04	-6.114362e-04	-1.005280e-03	-1.477558e-04	3.769768e-06	2.480257e-06	-7.564629e-04	-8.637744e-04
1.153063884703442e-01	7.678560e-04	-6.038197e-04	-1.012162e-03	-1.459850e-04	3.807633e-06	2.441990e-06	-7.640484e-04	-8.724270e-04
1.172595134703442e-01	7.742455e-04	-5.974365e-04	-1.017929e-03	-1.444998e-04	3.839370e-06	2.410051e-06	-7.704062e-04	-8.796789e-04
1.192126384703442e-01	7.793049e-04	-5.923826e-04	-1.022495e-03	-1.433230e-04	3.864500e-06	2.384848e-06	-7.754404e-04	-8.854210e-04
1.211657634703442e-01	7.829578e-04	-5.887336e-04	-1.025790e-03	-1.424729e-04	3.882644e-06	2.366699e-06	-7.790751e-04	-8.895668e-04
1.231188884703442e-01	7.851493e-04	-5.865446e-04	-1.027768e-03	-1.419628e-04	3.893529e-06	2.355831e-06	-7.812558e-04	-8.920541e-04
1.250720134703442e-01	7.858464e-04	-5.858484e-04	-1.028396e-03	-1.418006e-04	3.896990e-06	2.352378e-06	-7.819494e-04	-8.928452e-04
1.270251384703442e-01	7.850385e-04	-5.866553e-04	-1.027668e-03	-1.419887e-04	3.892976e-06	2.356384e-06	-7.811455e-04	-8.919283e-04
1.289782634703442e-01	7.827378e-04	-5.889534e-04	-1.025592e-03	-1.425243e-04	3.881546e-06	2.367798e-06	-7.788563e-04	-8.893172e-04
1.309313884703442e-01	7.789790e-04	-5.927081e-04	-1.022201e-03	-1.433991e-04	3.862873e-06	2.386479e-06	-7.751161e-04	-8.850512e-04
1.328845134703442e-01	7.738188e-04	-5.978629e-04	-1.017544e-03	-1.445994e-04	3.837239e-06	2.412194e-06	-7.699815e-04	-8.791945e-04
1.348376384703442e-01	7.673347e-04	-6.043405e-04	-1.011692e-03	-1.461066e-04	3.805030e-06	2.444617e-06	-7.635297e-04	-8.718353e-04
1.367907634703442e-01	7.596246e-04	-6.120437e-04	-1.004732e-03	-1.478973e-04	3.766733e-06	2.483334e-06	-7.558579e-04	-8.630844e-04
1.387438884703442e-01	7.508046e-04	-6.208565e-04	-9.967667e-04	-1.499440e-04	3.722924e-06	2.527840e-06	-7.470816e-04	-8.530735e-04
1.406970134703442e-01	7.410073e-04	-6.306469e-04	-9.879166e-04	-1.522151e-04	3.674264e-06	2.577547e-06	-7.373331e-04	-8.419533e-04
1.426501384703442e-01	7.303805e-04	-6.412675e-04	-9.783134e-04	-1.546757e-04	3.621485e-06	2.631782e-06	-7.267590e-04	-8.298911e-04
1.446032634703442e-01	7.190839e-04	-6.525587e-04	-9.681013e-04	-1.572881e-04	3.565384e-06	2.689798e-06	-7.155185e-04	-8.170683e-04
1.465563884703442e-01	7.072877e-04	-6.643509e-04	-9.574331e-04	-1.600126e-04	3.506804e-06	2.750777e-06	-7.037809e-04	-8.036781e-04
1.485095134703442e-01	6.951693e-04	-6.764667e-04	-9.464690e-04	-1.628077e-04	3.446627e-06	2.813842e-06	-6.917227e-04	-7.899217e-04
1.514392009703442e-01	6.767871e-04	-6.948480e-04	-9.298289e-04	-1.670405e-04	3.355353e-06	2.910314e-06	-6.734318e-04	-7.690541e-04
1.533923259703442e-01	6.646647e-04	-7.069719e-04	-9.188496e-04	-1.698271e-04	3.295166e-06	2.974464e-06	-6.613696e-04	-7.552921e-04
1.553454509703442e-01	6.528613e-04	-7.187784e-04	-9.081548e-04	-1.725368e-04	3.236565e-06	3.037330e-06	-6.496247e-04	-7.418918e-04
1.572985759703442e-01	6.415542e-04	-7.300898e-04	-8.979056e-04	-1.751293e-04	3.180431e-06	3.097924e-06	-6.383738e-04	-7.290547e-04
1.592517009703442e-01	6.309135e-04	-7.407359e-04	-8.882569e-04	-1.775660e-04	3.127608e-06	3.155276e-06	-6.277859e-04	-7.169737e-04
1.612048259703442e-01	6.210990e-04	-7.505564e-04	-8.793543e-04	-1.798111e-04	3.078890e-06	3.208458e-06	-6.180201e-04	-7.058306e-04
1.631579509703442e-01	6.122583e-04	-7.594036e-04	-8.713324e-04	-1.818312e-04	3.035007e-06	3.256595e-06	-6.092233e-04	-6.957927e-04
1.651110759703442e-01	6.045241e-04	-7.671440e-04	-8.643126e-04	-1.835970e-04	2.996619e-06	3.298887e-06	-6.015275e-04	-6.870112e-04
1.670642009703442e-01	5.980127e-04	-7.736613e-04	-8.584012e-04	-1.850824e-04	2.964301e-06	3.334621e-06	-5.950484e-04	-6.796177e-04
1.690173259703442e-01	5.928219e-04	-7.788572e-04	-8.536878e-04	-1.862658e-04	2.938538e-06	3.363192e-06	-5.898833e-04	-6.737237e-04
1.709704509703442e-01	5.890295e-04	-7.826534e-04	-8.502436e-04	-1.871299e-04	2.919717e-06	3.384113e-06	-5.861098e-04	-6.694176e-04
1.729235759703442e-01	5.866925e-04	-7.849928e-04	-8.481211e-04	-1.876622e-04	2.908120e-06	3.397025e-06	-5.837844e-04	-6.667640e-04
1.748767009703442e-01	5.858461e-04	-7.858402e-04	-8.473522e-04	-1.878550e-04	2.903921e-06	3.401704e-06	-5.829422e-04	-6.658029e-04
1.768298259703442e-01	5.865030e-04	-7.851826e-04	-8.479488e-04	-1.877053e-04	2.907183e-06	3.398070e-06	-5.835958e-04	-6.665487e-04
1.787829509703442e-01	5.886532e-04	-7.830301e-04	-8.499017e-04	-1.872155e-04	2.917856e-06	3.386186e-06	-5.857353e-04	-6.689903e-04
1.807360759703442e-01	5.922645e-04	-7.794151e-04	-8.531814e-04	-1.863926e-04	2.935782e-06	3.366257e-06	-5.893287e-04	-6.730908e-04
1.826892009703442e-01	5.972827e-04	-7.743920e-04	-8.577381e-04	-1.852486e-04	2.960690e-06	3.338625e-06	-5.943220e-04	-6.787888e-04
1.846423259703442e-01	6.036324e-04	-7.680366e-04	-8.635027e-04	-1.838001e-04	2.992208e-06	3.303762e-06	-6.006401e-04	-6.859986e-04
1.865954509703442e-01	6.112182e-04	-7.604444e-04	-8.703880e-04	-1.820684e-04	3.029863e-06	3.262259e-06	-6.081883e-04	-6.946118e-04
1.885485759703442e-01	6.199262e-04	-7.517301e-04	-8.782897e-04	-1.800787e-04	3.073089e-06	3.214815e-06	-6.168531e-04	-7.044989e-04
1.905017009703442e-01	6.296255e-04	-7.420246e-04	-8.870882e-04	-1.778603e-04	3.121237e-06	3.162221e-06	-6.265043e-04	-7.155114e-04
1.924548259703442e-01	6.401705e-04	-7.314741e-04	-8.966505e-04	-1.754458e-04	3.173586e-06	3.105343e-06	-6.369969e-04	-7.274837e-04
1.944079509703442e-01	6.514027e-04	-7.202374e-04	-9.068322e-04	-1.728708e-04	3.229348e-06	3.045105e-06	-6.481733e-04	-7.402358e-04
1.963610759703442e-01	6.631531e-04	-7.084838e-04	-9.174796e-04	-1.701737e-04	3.287686e-06	2.982471e-06	-6.598654e-04	-7.535760e-04
1.983142009703442e-01	6.752452e-04	-6.963901e-04	-9.284320e-04	-1.673945e-04	3.347723e-06	2.918427e-06	-6.718975e-04	-7.673036e-04
2.012438884703442e-01	6.936255e-04	-6.780102e-04	-9.450712e-04	-1.631629e-04	3.438987e-06	2.821883e-06	-6.901865e-04	-7.881692e-04
2.031970134703442e-01	7.057717e-04	-6.658665e-04	-9.560610e-04	-1.603618e-04	3.499300e-06	2.758619e-06	-7.022724e-04	-8.019572e-04
2.051501384703442e-01	7.176185e-04	-6.540235e-04	-9.667755e-04	-1.576261e-04	3.558129e-06	2.697328e-06	-7.140604e-04	-8.154049e-04
2.071032634703442e-01	7.289877e-04	-6.426595e-04	-9.770540e-04	-1.549974e-04	3.614590e-06	2.638892e-06	-7.253731e-04	-8.283101e-04
2.090563884703442e-01	7.397082e-04	-6.319452e-04	-9.867422e-04	-1.525155e-04	3.667831e-06	2.584138e-06	-7.360404e-04	-8.404786e-04
2.110095134703442e-01	7.496186e-04	-6.220416e-04	-9.956950e-04	-1.502186e-04	3.717051e-06	2.533823e-06	-7.459015e-04	-8.517273e-04
2.129626384703442e-01	7.585696e-04	-6.130977e-04	-1.003779e-03	-1.481418e-04	3.761509e-06	2.488627e-06	-7.548081e-04	-8.618870e-04
2.149157634703442e-01	7.664267e-04	-6.052477e-04	-1.010872e-03	-1.463172e-04	3.800534e-06	2.449152e-06	-7.626261e-04	-8.708047e-04
2.168688884703442e-01	7.730713e-04	-5.986096e-04	-1.016870e-03	-1.447728e-04	3.833537e-06	2.415912e-06	-7.692378e-04	-8.783461e-04
2.188220134703442e-01	7.784034e-04	-5.932830e-04	-1.021681e-03	-1.435327e-04	3.860022e-06	2.389333e-06	-7.745434e-04	-8.843978e-04
2.207751384703442e-01	7.823427e-04	-5.893481e-04	-1.025236e-03	-1.426161e-04	3.879589e-06	2.369753e-06	-7.784631e-04	-8.888688e-04
2.227282634703442e-01	7.848298e-04	-5.868638e-04	-1.027479e-03	-1.420372e-04	3.891942e-06	2.357414e-06	-7.809379e-04	-8.916915e-04
2.246813884703442e-01	7.858273e-04	-5.858674e-04	-1.028379e-03	-1.418050e-04	3.896896e-06	2.352472e-06	-7.819305e-04	-8.928236e-04
2.266345134703442e-01	7.853202e-04	-5.863740e-04	-1.027922e-03	-1.419231e-04	3.894375e-06	2.354987e-06	-7.814258e-04	-8.922480e-04
2.285876384703442e-01	7.833160e-04	-5.883758e-04	-1.026114e-03	-1.423897e-04	3.884418e-06	2.364928e-06	-7.794316e-04	-8.899734e-04
2.305407634703442e-01	7.798450e-04	-5.918430e-04	-1.022982e-03	-1.431976e-04	3.867175e-06	2.382171e-06	-7.759779e-04	-8.860340e-04
2.324938884703442e-01	7.749595e-04	-5.967233e-04	-1.018574e-03	-1.443341e-04	3.842906e-06	2.406502e-06	-7.711166e-04	-8.804892e-04
2.344470134703442e-01	7.687330e-04	-6.029435e-04	-1.012954e-03	-1.457816e-04	3.811976e-06	2.437614e-06	-7.649210e-04	-8.734224e-04
2.364001384703442e-01	7.612594e-04	-6.104103e-04	-1.006208e-03	-1.475178e-04	3.774853e-06	2.475110e-06	-7.574846e-04	-8.649399e-04
2.383532634703442e-01	7.526512e-04	-6.190113e-04	-9.984346e-04	-1.495157e-04	3.732096e-06	2.518503e-06	-7.489191e-04	-8.551696e-04
2.403063884703442e-01	7.430381e-04	-6.286175e-04	-9.897512e-04	-1.517445e-04	3.684350e-06	2.567221e-06	-7.393537e-04	-8.442582e-04
2.422595134703442e-01	7.325647e-04	-6.390844e-04	-9.802876e-04	-1.541701e-04	3.632333e-06	2.620608e-06	-7.289324e-04	-8.323703e-04
2.442126384703442e-01	7.213888e-04	-6.502548e-04	-9.701852e-04	-1.567553e-04	3.576830e-06	2.677931e-06	-7.178119e-04	-8.196846e-04
2.461657634703442e-01	7.096785e-04	-6.619607e-04	-9.595955e-04	-1.594607e-04	3.518676e-06	2.738385e-06	-7.061598e-04	-8.063919e-04
2.481188884703442e-01	6.976101e-04	-6.740263e-04	-9.486776e-04	-1.622451e-04	3.458747e-06	2.801106e-06	-6.941513e-04	-7.926924e-04
2.500720134703442e-01	6.853651e-04	-6.862700e-04	-9.375952e-04	-1.650664e-04	3.397945e-06	2.865175e-06	-6.819671e-04	-7.787920e-04
2.520251384703442e-01	6.731277e-04	-6.985078e-04	-9.265150e-04	-1.678821e-04	3.337184e-06	2.929635e-06	-6.697905e-04	-7.648998e-04
2.539782634703442e-01	6.610820e-04	-7.105554e-04	-9.156038e-04	-1.706500e-04	3.277378e-06	2.993504e-06	-6.578047e-04	-7.512248e-04
2.559313884703442e-01	6.494091e-04	-7.222317e-04	-9.050260e-04	-1.733287e-04	3.219426e-06	3.055791e-06	-6.461897e-04	-7.379726e-04
2.578845134703442e-01	6.382845e-04	-7.333610e-04	-8.949412e-04	-1.758784e-04	3.164199e-06	3.115513e-06	-6.351203e-04	-7.253425e-04
2.598376384703442e-01	6.278754e-04	-7.437757e-04	-8.855014e-04	-1.782613e-04	3.112527e-06	3.171710e-06	-6.247628e-04	-7.135244e-04
2.617907634703442e-01	6.183382e-04	-7.533191e-04	-8.768495e-04	-1.804421e-04	3.065186e-06	3.223467e-06	-6.152730e-04	-7.026960e-04
2.637438884703442e-01	6.098162e-04	-7.618475e-04	-8.691161e-04	-1.823889e-04	3.022886e-06	3.269931e-06	-6.067933e-04	-6.930200e-04
2.656970134703442e-01	6.024375e-04	-7.692325e-04	-8.624184e-04	-1.840731e-04	2.986262e-06	3.310325e-06	-5.994512e-04	-6.846419e-04
2.676501384703442e-01	5.963129e-04	-7.753628e-04	-8.568578e-04	-1.854700e-04	2.955864e-06	3.343969e-06	-5.933570e-04	-6.776876e-04
2.696032634703442e-01	5.915343e-04	-7.801460e-04	-8.525185e-04	-1.865592e-04	2.932148e-06	3.370291e-06	-5.886022e-04	-6.722617e-04
2.715563884703442e-01	5.881735e-04	-7.835102e-04	-8.494662e-04	-1.873249e-04	2.915469e-06	3.388841e-06	-5.852581e-04	-6.684456e-04
2.735095134703442e-01	5.862811e-04	-7.854047e-04	-8.477473e-04	-1.877559e-04	2.906078e-06	3.399299e-06	-5.833750e-04	-6.662967e-04
2.754626384703442e-01	5.858854e-04	-7.858009e-04	-8.473878e-04	-1.878460e-04	2.904116e-06	3.401487e-06	-5.829812e-04	-6.658474e-04
2.774157634703442e-01	5.869922e-04	-7.846928e-04	-8.483932e-04	-1.875939e-04	2.909612e-06	3.395365e-06	-5.840827e-04	-6.671043e-04
2.793688884703442e-01	5.895852e-04	-7.820971e-04	-8.507482e-04	-1.870032e-04	2.922483e-06	3.381040e-06	-5.866627e-04	-6.700486e-04
2.813220134703442e-01	5.936252e-04	-7.780530e-04	-8.544171e-04	-1.860824e-04	2.942536e-06	3.358757e-06	-5.906827e-04	-6.746359e-04
2.832751384703442e-01	5.990517e-04	-7.726213e-04	-8.593443e-04	-1.848451e-04	2.969471e-06	3.328900e-06	-5.960822e-04	-6.807975e-04
2.852282634703442e-01	6.057831e-04	-7.658839e-04	-8.654551e-04	-1.833093e-04	3.002884e-06	3.291978e-06	-6.027803e-04	-6.884407e-04
2.871813884703442e-01	6.137184e-04	-7.579423e-04	-8.726570e-04	-1.814973e-04	3.042273e-06	3.248615e-06	-6.106761e-04	-6.974505e-04
2.891345134703442e-01	6.227383e-04	-7.489161e-04	-8.808409e-04	-1.794358e-04	3.087048e-06	3.199540e-06	-6.196512e-04	-7.076917e-04
2.910876384703442e-01	6.327073e-04	-7.389411e-04	-8.898831e-04	-1.771549e-04	3.136536e-06	3.145567e-06	-6.295707e-04	-7.190102e-04
2.930407634703442e-01	6.434755e-04	-7.281676e-04	-8.996468e-04	-1.746884e-04	3.189993e-06	3.087581e-06	-6.402856e-04	-7.312360e-04
2.949938884703442e-01	6.548813e-04	-7.167577e-04	-9.099847e-04	-1.720727e-04	3.246618e-06	3.026522e-06	-6.516347e-04	-7.441851e-04
2.969470134703442e-01	6.667531e-04	-7.048832e-04	-9.207407e-04	-1.693467e-04	3.305559e-06	2.963360e-06	-6.634475e-04	-7.576629e-04
2.989001384703442e-01	6.789124e-04	-6.927227e-04	-9.317526e-04	-1.665509e-04	3.365931e-06	2.899087e-06	-6.755465e-04	-7.714667e-04
3.008532634703442e-01	6.911764e-04	-6.804591e-04	-9.428547e-04	-1.637272e-04	3.426826e-06	2.834691e-06	-6.877495e-04	-7.853889e-04
3.028063884703442e-01	7.033606e-04	-6.682769e-04	-9.538798e-04	-1.609181e-04	3.487327e-06	2.771143e-06	-6.998733e-04	-7.992202e-04
3.047595134703442e-01	7.152817e-04	-6.563594e-04	-9.646625e-04	-1.581660e-04	3.546525e-06	2.709385e-06	-7.117352e-04	-8.127523e-04
3.067126384703442e-01	7.267604e-04	-6.448856e-04	-9.750407e-04	-1.555126e-04	3.603529e-06	2.650310e-06	-7.231568e-04	-8.257819e-04
3.086657634703442e-01	7.376239e-04	-6.340282e-04	-9.848588e-04	-1.529983e-04	3.657480e-06	2.594757e-06	-7.339664e-04	-8.381128e-04
3.106188884703442e-01	7.477087e-04	-6.239502e-04	-9.939700e-04	-1.506614e-04	3.707566e-06	2.543497e-06	-7.440011e-04	-8.495596e-04
3.125720134703442e-01	7.568629e-04	-6.148031e-04	-1.002238e-03	-1.485380e-04	3.753032e-06	2.497227e-06	-7.531098e-04	-8.599498e-04
3.145251384703442e-01	7.649487e-04	-6.067243e-04	-1.009538e-03	-1.466605e-04	3.793193e-06	2.456564e-06	-7.611555e-04	-8.691272e-04
3.164782634703442e-01	7.718444e-04	-5.998352e-04	-1.015762e-03	-1.450581e-04	3.827443e-06	2.422039e-06	-7.680170e-04	-8.769537e-04
3.184313884703442e-01	7.774461e-04	-5.942393e-04	-1.020817e-03	-1.437554e-04	3.855267e-06	2.394099e-06	-7.735908e-04	-8.833114e-04
3.203845134703442e-01	7.816694e-04	-5.900206e-04	-1.024628e-03	-1.427728e-04	3.876245e-06	2.373096e-06	-7.777932e-04	-8.881046e-04
3.223376384703442e-01	7.844507e-04	-5.872425e-04	-1.027137e-03	-1.421254e-04	3.890059e-06	2.359294e-06	-7.805607e-04	-8.912612e-04
3.242907634703442e-01	7.857481e-04	-5.859466e-04	-1.028308e-03	-1.418234e-04	3.896503e-06	2.352865e-06	-7.818515e-04	-8.927336e-04
3.262438884703442e-01	7.855420e-04	-5.861525e-04	-1.028122e-03	-1.418715e-04	3.895477e-06	2.353888e-06	-7.816465e-04	-8.924997e-04
3.281970134703442e-01	7.838355e-04	-5.878570e-04	-1.026582e-03	-1.422688e-04	3.886999e-06	2.362350e-06	-7.799485e-04	-8.905630e-04
3.301501384703442e-01	7.806544e-04	-5.910345e-04	-1.023712e-03	-1.430092e-04	3.871196e-06	2.378147e-06	-7.767832e-04	-8.869526e-04
3.321032634703442e-01	7.760465e-04	-5.956374e-04	-1.019555e-03	-1.440813e-04	3.848305e-06	2.401082e-06	-7.721982e-04	-8.817229e-04
3.340563884703442e-01	7.700814e-04	-6.015965e-04	-1.014171e-03	-1.454682e-04	3.818674e-06	2.430867e-06	-7.662627e-04	-8.749527e-04
3.360095134703442e-01	7.628488e-04	-6.088223e-04	-1.007643e-03	-1.471487e-04	3.782748e-06	2.467122e-06	-7.590660e-04	-8.667438e-04
3.379626384703442e-01	7.544576e-04	-6.172063e-04	-1.000066e-03	-1.490966e-04	3.741068e-06	2.509379e-06	-7.507165e-04	-8.572199e-04
3.399157634703442e-01	7.450344e-04	-6.266226e-04	-9.915547e-04	-1.512819e-04	3.694264e-06	2.557081e-06	-7.413401e-04	-8.465241e-04
3.418688884703442e-01	7.347208e-04	-6.369295e-04	-9.822360e-04	-1.536710e-04	3.643041e-06	2.609591e-06	-7.310777e-04	-8.348176e-04
3.438220134703442e-01	7.236722e-04	-6.479724e-04	-9.722496e-04	-1.562274e-04	3.588170e-06	2.666189e-06	-7.200841e-04	-8.222766e-04
3.457751384703442e-01	7.120549e-04	-6.595851e-04	-9.617449e-04	-1.589119e-04	3.530477e-06	2.726085e-06	-7.085244e-04	-8.090896e-04
3.477282634703442e-01	7.000437e-04	-6.715931e-04	-9.508797e-04	-1.616839e-04	3.470832e-06	2.788424e-06	-6.965729e-04	-7.954550e-04
3.496813884703442e-01	6.878194e-04	-6.838159e-04	-9.398168e-04	-1.645012e-04	3.410132e-06	2.852299e-06	-6.844092e-04	-7.815781e-04
3.516345134703442e-01	6.755657e-04	-6.960695e-04	-9.287228e-04	-1.673214e-04	3.349289e-06	2.916758e-06	-6.722164e-04	-7.676675e-04
3.535876384703442e-01	6.634670e-04	-7.081698e-04	-9.177646e-04	-1.701022e-04	3.289219e-06	2.980825e-06	-6.601778e-04	-7.539325e-04
3.555407634703442e-01	6.517054e-04	-7.199347e-04	-9.071072e-04	-1.728020e-04	3.230826e-06	3.043508e-06	-6.484746e-04	-7.405795e-04
3.574938884703442e-01	6.404574e-04	-7.311871e-04	-8.969113e-04	-1.753806e-04	3.174986e-06	3.103820e-06	-6.372824e-04	-7.278094e-04
3.594470134703442e-01	6.298923e-04	-7.417576e-04	-8.873307e-04	-1.777998e-04	3.122539e-06	3.160797e-06	-6.267697e-04	-7.158143e-04
3.614001384703442e-01	6.201688e-04	-7.514873e-04	-8.785104e-04	-1.800237e-04	3.074272e-06	3.213513e-06	-6.170945e-04	-7.047744e-04
3.633532634703442e-01	6.114330e-04	-7.602294e-04	-8.705835e-04	-1.820197e-04	3.030911e-06	3.261100e-06	-6.084021e-04	-6.948558e-04
3.653063884703442e-01	6.038162e-04	-7.678526e-04	-8.636700e-04	-1.837585e-04	2.993105e-06	3.302766e-06	-6.008231e-04	-6.862073e-04
3.672595134703442e-01	5.974328e-04	-7.742418e-04	-8.578746e-04	-1.852146e-04	2.961422e-06	3.337809e-06	-5.944713e-04	-6.789592e-04
3.692126384703442e-01	5.923786e-04	-7.793009e-04	-8.532852e-04	-1.863668e-04	2.936338e-06	3.365636e-06	-5.894422e-04	-6.732204e-04
3.711657634703442e-01	5.887295e-04	-7.829537e-04	-8.499712e-04	-1.871983e-04	2.918228e-06	3.385770e-06	-5.858113e-04	-6.690769e-04
3.731188884703442e-01	5.865404e-04	-7.851451e-04	-8.479829e-04	-1.876969e-04	2.907365e-06	3.397865e-06	-5.836331e-04	-6.665912e-04
3.750720134703442e-01	5.858442e-04	-7.858421e-04	-8.473505e-04	-1.878554e-04	2.903911e-06	3.401715e-06	-5.829402e-04	-6.658006e-04
3.770251384703442e-01	5.866511e-04	-7.850343e-04	-8.480834e-04	-1.876716e-04	2.907918e-06	3.397251e-06	-5.837432e-04	-6.667170e-04
3.789782634703442e-01	5.889493e-04	-7.827337e-04	-8.501707e-04	-1.871480e-04	2.919326e-06	3.384551e-06	-5.860300e-04	-6.693265e-04
3.809313884703442e-01	5.927041e-04	-7.789750e-04	-8.535806e-04	-1.862924e-04	2.937964e-06	3.363834e-06	-5.897661e-04	-6.735900e-04
3.828845134703442e-01	5.978592e-04	-7.738150e-04	-8.582615e-04	-1.851171e-04	2.963552e-06	3.335455e-06	-5.948956e-04	-6.794434e-04
3.848376384703442e-01	6.043370e-04	-7.673313e-04	-8.641424e-04	-1.836393e-04	2.995706e-06	3.299899e-06	-6.013414e-04	-6.867987e-04
3.867907634703442e-01	6.120405e-04	-7.596215e-04	-8.711343e-04	-1.818806e-04	3.033945e-06	3.257769e-06	-6.090066e-04	-6.955455e-04
3.887438884703442e-01	6.208538e-04	-7.508018e-04	-8.791313e-04	-1.798666e-04	3.077693e-06	3.209774e-06	-6.177761e-04	-7.055521e-04
3.906970134703442e-01	6.306445e-04	-7.410050e-04	-8.880124e-04	-1.776271e-04	3.126296e-06	3.156712e-06	-6.275182e-04	-7.166683e-04
3.926501384703442e-01	6.412655e-04	-7.303786e-04	-8.976433e-04	-1.751949e-04	3.179022e-06	3.099455e-06	-6.380865e-04	-7.287269e-04
3.946032634703442e-01	6.525572e-04	-7.190825e-04	-9.078786e-04	-1.726060e-04	3.235080e-06	3.038933e-06	-6.493222e-04	-7.415466e-04
3.965563884703442e-01	6.643499e-04	-7.072868e-04	-9.185637e-04	-1.698988e-04	3.293628e-06	2.976113e-06	-6.610563e-04	-7.549347e-04
3.985095134703442e-01	6.764663e-04	-6.951689e-04	-9.295377e-04	-1.671136e-04	3.353786e-06	2.911983e-06	-6.731125e-04	-7.686898e-04
4.014392009703442e-01	6.948484e-04	-6.767875e-04	-9.461779e-04	-1.628810e-04	3.445059e-06	2.815494e-06	-6.914033e-04	-7.895574e-04
4.033923259703442e-01	7.069728e-04	-6.646657e-04	-9.571476e-04	-1.600846e-04	3.505264e-06	2.752387e-06	-7.034675e-04	-8.033206e-04
4.053454509703442e-01	7.187798e-04	-6.528627e-04	-9.678256e-04	-1.573578e-04	3.563896e-06	2.691341e-06	-7.152159e-04	-8.167231e-04
4.072985759703442e-01	7.300916e-04	-6.415560e-04	-9.780518e-04	-1.547419e-04	3.620073e-06	2.633238e-06	-7.264716e-04	-8.295632e-04
4.092517009703442e-01	7.407382e-04	-6.309158e-04	-9.876728e-04	-1.522769e-04	3.672947e-06	2.578895e-06	-7.370653e-04	-8.416478e-04
4.112048259703442e-01	7.505591e-04	-6.211018e-04	-9.965446e-04	-1.500004e-04	3.721723e-06	2.529062e-06	-7.468375e-04	-8.527950e-04
4.131579509703442e-01	7.594067e-04	-6.122614e-04	-1.004534e-03	-1.479475e-04	3.765666e-06	2.484413e-06	-7.556410e-04	-8.628370e-04
4.151110759703442e-01	7.671475e-04	-6.045276e-04	-1.011523e-03	-1.461497e-04	3.804114e-06	2.445540e-06	-7.633434e-04	-8.716228e-04
4.170642009703442e-01	7.736650e-04	-5.980164e-04	-1.017405e-03	-1.446348e-04	3.836486e-06	2.412948e-06	-7.698286e-04	-8.790200e-04
4.190173259703442e-01	7.788611e-04	-5.928258e-04	-1.022094e-03	-1.434263e-04	3.862296e-06	2.387056e-06	-7.749989e-04	-8.849174e-04
4.209704509703442e-01	7.826575e-04	-5.890336e-04	-1.025520e-03	-1.425428e-04	3.881153e-06	2.368190e-06	-7.787764e-04	-8.892261e-04
4.229235759703442e-01	7.849970e-04	-5.866967e-04	-1.027630e-03	-1.419983e-04	3.892773e-06	2.356586e-06	-7.811043e-04	-8.918812e-04
4.248767009703442e-01	7.858444e-04	-5.858504e-04	-1.028395e-03	-1.418010e-04	3.896981e-06	2.352388e-06	-7.819474e-04	-8.928429e-04
4.268298259703442e-01	7.851868e-04	-5.865072e-04	-1.027801e-03	-1.419542e-04	3.893713e-06	2.355648e-06	-7.812931e-04	-8.920967e-04
4.287829509703442e-01	7.830343e-04	-5.886573e-04	-1.025860e-03	-1.424553e-04	3.883019e-06	2.366326e-06	-7.791512e-04	-8.896536e-04
4.307360759703442e-01	7.794191e-04	-5.922685e-04	-1.022598e-03	-1.432967e-04	3.865059e-06	2.384290e-06	-7.755540e-04	-8.855506e-04
4.326892009703442e-01	7.743958e-04	-5.972864e-04	-1.018065e-03	-1.444652e-04	3.840105e-06	2.409314e-06	-7.705557e-04	-8.798494e-04
4.346423259703442e-01	7.680401e-04	-6.036359e-04	-1.012329e-03	-1.459427e-04	3.808534e-06	2.441084e-06	-7.642315e-04	-8.726359e-04
4.365954509703442e-01	7.604476e-04	-6.112214e-04	-1.005475e-03	-1.477063e-04	3.770821e-06	2.479193e-06	-7.566768e-04	-8.640185e-04
4.385485759703442e-01	7.517328e-04	-6.199290e-04	-9.976052e-04	-1.497287e-04	3.727535e-06	2.523145e-06	-7.480053e-04	-8.541272e-04
4.405017009703442e-01	7.420270e-04	-6.296280e-04	-9.888377e-04	-1.519788e-04	3.679328e-06	2.572361e-06	-7.383476e-04	-8.431106e-04
4.424548259703442e-01	7.314760e-04	-6.401725e-04	-9.793036e-04	-1.544221e-04	3.626926e-06	2.626176e-06	-7.278491e-04	-8.311346e-04
4.444079509703442e-01	7.202390e-04	-6.514041e-04	-9.691456e-04	-1.570211e-04	3.571120e-06	2.683849e-06	-7.166678e-04	-8.183794e-04
4.463610759703442e-01	7.084848e-04	-6.631541e-04	-9.585159e-04	-1.597362e-04	3.512748e-06	2.744570e-06	-7.049720e-04	-8.050369e-04
4.483142009703442e-01	6.963905e-04	-6.752457e-04	-9.475740e-04	-1.625262e-04	3.452691e-06	2.807468e-06	-6.929378e-04	-7.913079e-04
4.512438884703442e-01	6.780099e-04	-6.936252e-04	-9.309361e-04	-1.667592e-04	3.361425e-06	2.903866e-06	-6.746485e-04	-7.704422e-04
4.531970134703442e-01	6.658656e-04	-7.057709e-04	-9.199374e-04	-1.695512e-04	3.301128e-06	2.968091e-06	-6.625645e-04	-7.566554e-04
4.551501384703442e-01	6.540222e-04	-7.176172e-04	-9.092068e-04	-1.722705e-04	3.242328e-06	3.031130e-06	-6.507798e-04	-7.432097e-04
4.571032634703442e-01	6.426576e-04	-7.289859e-04	-8.989060e-04	-1.748764e-04	3.185909e-06	3.091994e-06	-6.394717e-04	-7.303075e-04
4.590563884703442e-01	6.319429e-04	-7.397059e-04	-8.891905e-04	-1.773304e-04	3.132719e-06	3.149714e-06	-6.288102e-04	-7.181425e-04
4.610095134703442e-01	6.220390e-04	-7.496158e-04	-8.802070e-04	-1.795962e-04	3.083556e-06	3.203353e-06	-6.189554e-04	-7.068978e-04
4.629626384703442e-01	6.130946e-04	-7.585665e-04	-8.720914e-04	-1.816402e-04	3.039158e-06	3.252032e-06	-6.100555e-04	-6.967423e-04
4.649157634703442e-01	6.052443e-04	-7.664232e-04	-8.649664e-04	-1.834326e-04	3.000193e-06	3.294942e-06	-6.022441e-04	-6.878289e-04
4.668688884703442e-01	5.986059e-04	-7.730675e-04	-8.589398e-04	-1.849471e-04	2.967245e-06	3.331361e-06	-5.956386e-04	-6.802913e-04
4.688220134703442e-01	5.932791e-04	-7.783995e-04	-8.541030e-04	-1.861616e-04	2.940807e-06	3.360673e-06	-5.903383e-04	-6.742429e-04
4.707751384703442e-01	5.893440e-04	-7.823386e-04	-8.505293e-04	-1.870583e-04	2.921278e-06	3.382377e-06	-5.864227e-04	-6.697747e-04
4.727282634703442e-01	5.868595e-04	-7.848256e-04	-8.482728e-04	-1.876242e-04	2.908949e-06	3.396101e-06	-5.839506e-04	-6.669536e-04
4.746813884703442e-01	5.858631e-04	-7.858231e-04	-8.473677e-04	-1.878511e-04	2.904005e-06	3.401610e-06	-5.829592e-04	-6.658222e-04
4.766345134703442e-01	5.863698e-04	-7.853159e-04	-8.478278e-04	-1.877357e-04	2.906521e-06	3.398807e-06	-5.834632e-04	-6.663974e-04
4.785876384703442e-01	5.883717e-04	-7.833118e-04	-8.496461e-04	-1.872796e-04	2.916459e-06	3.387741e-06	-5.854553e-04	-6.686706e-04
4.805407634703442e-01	5.918390e-04	-7.798410e-04	-8.527950e-04	-1.864896e-04	2.933670e-06	3.368604e-06	-5.889053e-04	-6.726077e-04
4.824938884703442e-01	5.967196e-04	-7.749557e-04	-8.572268e-04	-1.853770e-04	2.957895e-06	3.341722e-06	-5.937616e-04	-6.781494e-04
4.844470134703442e-01	6.029400e-04	-7.687295e-04	-8.628743e-04	-1.839581e-04	2.988772e-06	3.307557e-06	-5.999513e-04	-6.852125e-04
4.864001384703442e-01	6.104071e-04	-7.612562e-04	-8.696519e-04	-1.822536e-04	3.025837e-06	3.266689e-06	-6.073812e-04	-6.936908e-04
4.883532634703442e-01	6.190085e-04	-7.526484e-04	-8.774571e-04	-1.802885e-04	3.068533e-06	3.219805e-06	-6.159400e-04	-7.034570e-04
4.903063884703442e-01	6.286150e-04	-7.430356e-04	-8.861717e-04	-1.780915e-04	3.116221e-06	3.167688e-06	-6.254988e-04	-7.143641e-04
4.922595134703442e-01	6.390824e-04	-7.325627e-04	-8.956640e-04	-1.756951e-04	3.168184e-06	3.111198e-06	-6.359142e-04	-7.262483e-04
4.942126384703442e-01	6.502533e-04	-7.213873e-04	-9.057905e-04	-1.731345e-04	3.223642e-06	3.051253e-06	-6.470297e-04	-7.389309e-04
4.961657634703442e-01	6.619598e-04	-7.096775e-04	-9.163984e-04	-1.704478e-04	3.281761e-06	2.988814e-06	-6.586780e-04	-7.522212e-04
4.981188884703442e-01	6.740258e-04	-6.976096e-04	-9.273277e-04	-1.676749e-04	3.341669e-06	2.924866e-06	-6.706842e-04	-7.659193e-04
5.000720134703442e-01	6.862700e-04	-6.853651e-04	-9.384137e-04	-1.648573e-04	3.402464e-06	2.860401e-06	-6.828676e-04	-7.798193e-04
5.020251384703442e-01	6.985083e-04	-6.731282e-04	-9.494897e-04	-1.620373e-04	3.463232e-06	2.796399e-06	-6.950450e-04	-7.937120e-04
5.039782634703442e-01	7.105565e-04	-6.610831e-04	-9.603890e-04	-1.592573e-04	3.523060e-06	2.733815e-06	-7.070334e-04	-8.073885e-04
5.059313884703442e-01	7.222333e-04	-6.494106e-04	-9.709481e-04	-1.565595e-04	3.581046e-06	2.673563e-06	-7.186522e-04	-8.206432e-04
5.078845134703442e-01	7.333630e-04	-6.382865e-04	-9.810084e-04	-1.539848e-04	3.636319e-06	2.616505e-06	-7.297267e-04	-8.332764e-04
5.098376384703442e-01	7.437782e-04	-6.278778e-04	-9.904193e-04	-1.515725e-04	3.688045e-06	2.563439e-06	-7.400902e-04	-8.450983e-04
5.117907634703442e-01	7.533220e-04	-6.183411e-04	-9.990399e-04	-1.493596e-04	3.735445e-06	2.515095e-06	-7.495866e-04	-8.559308e-04
5.137438884703442e-01	7.618507e-04	-6.098194e-04	-1.006741e-03	-1.473800e-04	3.777806e-06	2.472120e-06	-7.580729e-04	-8.656111e-04
5.156970134703442e-01	7.692360e-04	-6.024410e-04	-1.013408e-03	-1.456644e-04	3.814488e-06	2.435082e-06	-7.654215e-04	-8.739932e-04
5.176501384703442e-01	7.753666e-04	-5.963166e-04	-1.018941e-03	-1.442391e-04	3.844938e-06	2.404460e-06	-7.715216e-04	-8.809512e-04
5.196032634703442e-01	7.801501e-04	-5.915383e-04	-1.023257e-03	-1.431264e-04	3.868698e-06	2.380646e-06	-7.762813e-04	-8.863802e-04
5.215563884703442e-01	7.835144e-04	-5.881777e-04	-1.026293e-03	-1.423434e-04	3.885409e-06	2.363937e-06	-7.796290e-04	-8.901986e-04
5.235095134703442e-01	7.854089e-04	-5.862853e-04	-1.028002e-03	-1.419024e-04	3.894818e-06	2.354544e-06	-7.815141e-04	-8.923487e-04
5.254626384703442e-01	7.858051e-04	-5.858896e-04	-1.028359e-03	-1.418102e-04	3.896785e-06	2.352583e-06	-7.819083e-04	-8.927984e-04
5.274157634703442e-01	7.846970e-04	-5.869965e-04	-1.027360e-03	-1.420682e-04	3.891279e-06	2.358077e-06	-7.808057e-04	-8.915407e-04
5.293688884703442e-01	7.821012e-04	-5.895893e-04	-1.025018e-03	-1.426725e-04	3.878383e-06	2.370959e-06	-7.782228e-04	-8.885947e-04
5.313220134703442e-01	7.780569e-04	-5.936292e-04	-1.021369e-03	-1.436136e-04	3.858292e-06	2.391068e-06	-7.741986e-04	-8.840046e-04
5.332751384703442e-01	7.726250e-04	-5.990554e-04	-1.016467e-03	-1.448769e-04	3.831309e-06	2.418154e-06	-7.687937e-04	-8.778396e-04
5.352282634703442e-01	7.658873e-04	-6.057866e-04	-1.010386e-03	-1.464429e-04	3.797841e-06	2.451872e-06	-7.620895e-04	-8.701925e-04
5.371813884703442e-01	7.579454e-04	-6.137214e-04	-1.003215e-03	-1.482872e-04	3.758392e-06	2.491789e-06	-7.541870e-04	-8.611785e-04
5.391345134703442e-01	7.489187e-04	-6.227409e-04	-9.950635e-04	-1.503814e-04	3.713557e-06	2.537386e-06	-7.452052e-04	-8.509331e-04
5.410876384703442e-01	7.389434e-04	-6.327095e-04	-9.860517e-04	-1.526932e-04	3.664013e-06	2.588054e-06	-7.352793e-04	-8.396106e-04
5.430407634703442e-01	7.281694e-04	-6.434773e-04	-9.763149e-04	-1.551872e-04	3.610504e-06	2.643108e-06	-7.245589e-04	-8.273813e-04
5.449938884703442e-01	7.167591e-04	-6.548826e-04	-9.659990e-04	-1.578253e-04	3.553838e-06	2.701784e-06	-7.132052e-04	-8.144294e-04
5.469470134703442e-01	7.048840e-04	-6.667539e-04	-9.552587e-04	-1.605673e-04	3.494868e-06	2.763252e-06	-7.013892e-04	-8.009495e-04
5.489001384703442e-01	6.927230e-04	-6.789127e-04	-9.442550e-04	-1.633715e-04	3.434480e-06	2.826624e-06	-6.892885e-04	-7.871446e-04
5.508532634703442e-01	6.804588e-04	-6.911762e-04	-9.331535e-04	-1.661957e-04	3.373584e-06	2.890966e-06	-6.770853e-04	-7.732224e-04
5.528063884703442e-01	6.682762e-04	-7.033598e-04	-9.221210e-04	-1.689973e-04	3.313096e-06	2.955309e-06	-6.649631e-04	-7.593920e-04
5.547595134703442e-01	6.563581e-04	-7.152805e-04	-9.113236e-04	-1.717344e-04	3.253925e-06	3.018664e-06	-6.531042e-04	-7.458618e-04
5.567126384703442e-01	6.448839e-04	-7.267587e-04	-9.009242e-04	-1.743662e-04	3.196961e-06	3.080042e-06	-6.416870e-04	-7.328350e-04
5.586657634703442e-01	6.340260e-04	-7.376217e-04	-8.910796e-04	-1.768536e-04	3.143059e-06	3.138467e-06	-6.308829e-04	-7.205075e-04
5.606188884703442e-01	6.239475e-04	-7.477060e-04	-8.819384e-04	-1.791597e-04	3.093030e-06	3.192995e-06	-6.208545e-04	-7.090648e-04
5.625720134703442e-01	6.148000e-04	-7.568598e-04	-8.736390e-04	-1.812506e-04	3.047623e-06	3.242733e-06	-6.117524e-04	-6.986787e-04
5.645251384703442e-01	6.067209e-04	-7.649453e-04	-8.663067e-04	-1.830956e-04	3.007522e-06	3.286857e-06	-6.037134e-04	-6.895055e-04
5.664782634703442e-01	5.998316e-04	-7.718407e-04	-8.600526e-04	-1.846676e-04	2.973328e-06	3.324627e-06	-5.968582e-04	-6.816830e-04
5.684313884703442e-01	5.942354e-04	-7.774422e-04	-8.549714e-04	-1.859436e-04	2.945553e-06	3.355404e-06	-5.912898e-04	-6.753288e-04
5.703845134703442e-01	5.900165e-04	-7.816653e-04	-8.511401e-04	-1.869050e-04	2.924615e-06	3.378664e-06	-5.870919e-04	-6.705383e-04
5.723376384703442e-01	5.872383e-04	-7.844465e-04	-8.486168e-04	-1.875380e-04	2.910828e-06	3.394008e-06	-5.843274e-04	-6.673837e-04
5.742907634703442e-01	5.859424e-04	-7.857438e-04	-8.474396e-04	-1.878331e-04	2.904398e-06	3.401172e-06	-5.830380e-04	-6.659121e-04
5.762438884703442e-01	5.861482e-04	-7.855377e-04	-8.476266e-04	-1.877862e-04	2.905421e-06	3.400032e-06	-5.832428e-04	-6.661459e-04
5.781970134703442e-01	5.878528e-04	-7.838313e-04	-8.491748e-04	-1.873978e-04	2.913883e-06	3.390608e-06	-5.849389e-04	-6.680815e-04
5.801501384703442e-01	5.910305e-04	-7.806503e-04	-8.520607e-04	-1.866738e-04	2.929657e-06	3.373063e-06	-5.881009e-04	-6.716896e-04
5.821032634703442e-01	5.956336e-04	-7.760427e-04	-8.562407e-04	-1.856246e-04	2.952505e-06	3.347698e-06	-5.926811e-04	-6.769163e-04
5.840563884703442e-01	6.015929e-04	-7.700778e-04	-8.616513e-04	-1.842654e-04	2.982085e-06	3.314947e-06	-5.986108e-04	-6.836829e-04
5.860095134703442e-01	6.088191e-04	-7.628455e-04	-8.682107e-04	-1.826162e-04	3.017954e-06	3.275367e-06	-6.058011e-04	-6.918877e-04
5.879626384703442e-01	6.172034e-04	-7.544547e-04	-8.758193e-04	-1.807010e-04	3.059573e-06	3.229627e-06	-6.141438e-04	-7.014075e-04
5.899157634703442e-01	6.266200e-04	-7.450318e-04	-8.843622e-04	-1.785479e-04	3.106318e-06	3.178490e-06	-6.235137e-04	-7.120991e-04
5.918688884703442e-01	6.369274e-04	-7.347187e-04	-8.937101e-04	-1.761886e-04	3.157486e-06	3.122803e-06	-6.337700e-04	-7.238017e-04
5.938220134703442e-01	6.479708e-04	-7.236706e-04	-9.037217e-04	-1.736579e-04	3.212310e-06	3.063473e-06	-6.447585e-04	-7.363395e-04
5.957751384703442e-01	6.595840e-04	-7.120538e-04	-9.142459e-04	-1.709933e-04	3.269966e-06	3.001454e-06	-6.563140e-04	-7.495240e-04
5.977282634703442e-01	6.715925e-04	-7.000431e-04	-9.251240e-04	-1.682344e-04	3.329587e-06	2.937729e-06	-6.682629e-04	-7.631569e-04
5.996813884703442e-01	6.838157e-04	-6.878193e-04	-9.361920e-04	-1.654224e-04	3.390277e-06	2.873288e-06	-6.804255e-04	-7.770331e-04
6.016345134703442e-01	6.960700e-04	-6.755661e-04	-9.472833e-04	-1.625995e-04	3.451125e-06	2.809116e-06	-6.926188e-04	-7.909441e-04
6.035876384703442e-01	7.081708e-04	-6.634680e-04	-9.582312e-04	-1.598081e-04	3.511213e-06	2.746174e-06	-7.046596e-04	-8.046805e-04
6.055407634703442e-01	7.199362e-04	-6.517068e-04	-9.688712e-04	-1.570905e-04	3.569639e-06	2.685385e-06	-7.163665e-04	-8.180357e-04
6.074938884703442e-01	7.311890e-04	-6.404594e-04	-9.790437e-04	-1.544880e-04	3.625522e-06	2.627622e-06	-7.275635e-04	-8.308088e-04
6.094470134703442e-01	7.417600e-04	-6.298947e-04	-9.885960e-04	-1.520402e-04	3.678022e-06	2.573697e-06	-7.380820e-04	-8.428076e-04
6.114001384703442e-01	7.514901e-04	-6.201716e-04	-9.973854e-04	-1.497845e-04	3.726346e-06	2.524353e-06	-7.477637e-04	-8.538516e-04
6.133532634703442e-01	7.602326e-04	-6.114362e-04	-1.005280e-03	-1.477558e-04	3.769768e-06	2.480257e-06	-7.564629e-04	-8.637744e-04
6.153063884703442e-01	7.678560e-04	-6.038197e-04	-1.012162e-03	-1.459850e-04	3.807633e-06	2.441990e-06	-7.640484e-04	-8.724270e-04
6.172595134703442e-01	7.742455e-04	-5.974365e-04	-1.017929e-03	-1.444998e-04	3.839370e-06	2.410051e-06	-7.704062e-04	-8.796789e-04
6.192126384703442e-01	7.793049e-04	-5.923826e-04	-1.022495e-03	-1.433230e-04	3.864500e-06	2.384848e-06	-7.754404e-04	-8.854210e-04
6.211657634703442e-01	7.829578e-04	-5.887336e-04	-1.025790e-03	-1.424729e-04	3.882644e-06	2.366699e-06	-7.790751e-04	-8.895668e-04
6.231188884703442e-01	7.851493e-04	-5.865446e-04	-1.027768e-03	-1.419628e-04	3.893529e-06	2.355831e-06	-7.812558e-04	-8.920541e-04
6.250720134703442e-01	7.858464e-04	-5.858484e-04	-1.028396e-03	-1.418006e-04	3.896990e-06	2.352378e-06	-7.819494e-04	-8.928452e-04
6.270251384703442e-01	7.850385e-04	-5.866553e-04	-1.027668e-03	-1.419887e-04	3.892976e-06	2.356384e-06	-7.811455e-04	-8.919283e-04
6.289782634703442e-01	7.827378e-04	-5.889534e-04	-1.025592e-03	-1.425243e-04	3.881546e-06	2.367798e-06	-7.788563e-04	-8.893172e-04
6.309313884703442e-01	7.789790e-04	-5.927081e-04	-1.022201e-03	-1.433991e-04	3.862873e-06	2.386479e-06	-7.751161e-04	-8.850512e-04
6.328845134703442e-01	7.738188e-04	-5.978629e-04	-1.017544e-03	-1.445994e-04	3.837239e-06	2.412194e-06	-7.699815e-04	-8.791945e-04
6.348376384703442e-01	7.673347e-04	-6.043405e-04	-1.011692e-03	-1.461066e-04	3.805030e-06	2.444617e-06	-7.635297e-04	-8.718353e-04
6.367907634703442e-01	7.596246e-04	-6.120437e-04	-1.004732e-03	-1.478973e-04	3.766733e-06	2.483334e-06	-7.558579e-04	-8.630844e-04
6.387438884703442e-01	7.508046e-04	-6.208565e-04	-9.967667e-04	-1.499440e-04	3.722924e-06	2.527840e-06	-7.470816e-04	-8.530735e-04
6.406970134703442e-01	7.410073e-04	-6.306469e-04	-9.879166e-04	-1.522151e-04	3.674264e-06	2.577547e-06	-7.373331e-04	-8.419533e-04
6.426501384703442e-01	7.303805e-04	-6.412675e-04	-9.783134e-04	-1.546757e-04	3.621485e-06	2.631782e-06	-7.267590e-04	-8.298911e-04
6.446032634703442e-01	7.190839e-04	-6.525587e-04	-9.681013e-04	-1.572881e-04	3.565384e-06	2.689798e-06	-7.155185e-04	-8.170683e-04
6.465563884703442e-01	7.072877e-04	-6.643509e-04	-9.574331e-04	-1.600126e-04	3.506804e-06	2.750777e-06	-7.037809e-04	-8.036781e-04
6.485095134703442e-01	6.951693e-04	-6.764667e-04	-9.464690e-04	-1.628077e-04	3.446627e-06	2.813842e-06	-6.917227e-04	-7.899217e-04
6.514392009703442e-01	6.767871e-04	-6.948480e-04	-9.298289e-04	-1.670405e-04	3.355353e-06	2.910314e-06	-6.734318e-04	-7.690541e-04
6.533923259703442e-01	6.646647e-04	-7.069719e-04	-9.188496e-04	-1.698271e-04	3.295166e-06	2.974464e-06	-6.613696e-04	-7.552921e-04
6.553454509703442e-01	6.528613e-04	-7.187784e-04	-9.081548e-04	-1.725368e-04	3.236565e-06	3.037330e-06	-6.496247e-04	-7.418918e-04
6.572985759703442e-01	6.415542e-04	-7.300898e-04	-8.979056e-04	-1.751293e-04	3.180431e-06	3.097924e-06	-6.383738e-04	-7.290547e-04
6.592517009703442e-01	6.309135e-04	-7.407359e-04	-8.882569e-04	-1.775660e-04	3.127608e-06	3.155276e-06	-6.277859e-04	-7.169737e-04
6.612048259703442e-01	6.210990e-04	-7.505564e-04	-8.793543e-04	-1.798111e-04	3.078890e-06	3.208458e-06	-6.180201e-04	-7.058306e-04
6.631579509703442e-01	6.122583e-04	-7.594036e-04	-8.713324e-04	-1.818312e-04	3.035007e-06	3.256595e-06	-6.092233e-04	-6.957927e-04
6.651110759703442e-01	6.045241e-04	-7.671440e-04	-8.643126e-04	-1.835970e-04	2.996619e-06	3.298887e-06	-6.015275e-04	-6.870112e-04
6.670642009703442e-01	5.980127e-04	-7.736613e-04	-8.584012e-04	-1.850824e-04	2.964301e-06	3.334621e-06	-5.950484e-04	-6.796177e-04
6.690173259703442e-01	5.928219e-04	-7.788572e-04	-8.536878e-04	-1.862658e-04	2.938538e-06	3.363192e-06	-5.898833e-04	-6.737237e-04
6.709704509703442e-01	5.890295e-04	-7.826534e-04	-8.502436e-04	-1.871299e-04	2.919717e-06	3.384113e-06	-5.861098e-04	-6.694176e-04
6.729235759703442e-01	5.866925e-04	-7.849928e-04	-8.481211e-04	-1.876622e-04	2.908120e-06	3.397025e-06	-5.837844e-04	-6.667640e-04
6.748767009703442e-01	5.858461e-04	-7.858402e-04	-8.473522e-04	-1.878550e-04	2.903921e-06	3.401704e-06	-5.829422e-04	-6.658029e-04
6.768298259703442e-01	5.865030e-04	-7.851826e-04	-8.479488e-04	-1.877053e-04	2.907183e-06	3.398070e-06	-5.835958e-04	-6.665487e-04
6.787829509703442e-01	5.886532e-04	-7.830301e-04	-8.499017e-04	-1.872155e-04	2.917856e-06	3.386186e-06	-5.857353e-04	-6.689903e-04
6.807360759703442e-01	5.922645e-04	-7.794151e-04	-8.531814e-04	-1.863926e-04	2.935782e-06	3.366257e-06	-5.893287e-04	-6.730908e-04
6.826892009703442e-01	5.972827e-04	-7.743920e-04	-8.577381e-04	-1.852486e-04	2.960690e-06	3.338625e-06	-5.943220e-04	-6.787888e-04
6.846423259703442e-01	6.036324e-04	-7.680366e-04	-8.635027e-04	-1.838001e-04	2.992208e-06	3.303762e-06	-6.006401e-04	-6.859986e-04
6.865954509703442e-01	6.112182e-04	-7.604444e-04	-8.703880e-04	-1.820684e-04	3.029863e-06	3.262259e-06	-6.081883e-04	-6.946118e-04
6.885485759703442e-01	6.199262e-04	-7.517301e-04	-8.782897e-04	-1.800787e-04	3.073089e-06	3.214815e-06	-6.168531e-04	-7.044989e-04
6.905017009703442e-01	6.296255e-04	-7.420246e-04	-8.870882e-04	-1.778603e-04	3.121237e-06	3.162221e-06	-6.265043e-04	-7.155114e-04
6.924548259703442e-01	6.401705e-04	-7.314741e-04	-8.966505e-04	-1.754458e-04	3.173586e-06	3.105343e-06	-6.369969e-04	-7.274837e-04
6.944079509703442e-01	6.514027e-04	-7.202374e-04	-9.068322e-04	-1.728708e-04	3.229348e-06	3.045105e-06	-6.481733e-04	-7.402358e-04
6.963610759703442e-01	6.631531e-04	-7.084838e-04	-9.174796e-04	-1.701737e-04	3.287686e-06	2.982471e-06	-6.598654e-04	-7.535760e-04
6.983142009703442e-01	6.752452e-04	-6.963901e-04	-9.284320e-04	-1.673945e-04	3.347723e-06	2.918427e-06	-6.718975e-04	-7.673036e-04
7.012438884703442e-01	6.936255e-04	-6.780102e-04	-9.450712e-04	-1.631629e-04	3.438987e-06	2.821883e-06	-6.901865e-04	-7.881692e-04
7.031970134703442e-01	7.057717e-04	-6.658665e-04	-9.560610e-04	-1.603618e-04	3.499300e-06	2.758619e-06	-7.022724e-04	-8.019572e-04
7.051501384703442e-01	7.176185e-04	-6.540235e-04	-9.667755e-04	-1.576261e-04	3.558129e-06	2.697328e-06	-7.140604e-04	-8.154049e-04
7.071032634703442e-01	7.289877e-04	-6.426595e-04	-9.770540e-04	-1.549974e-04	3.614590e-06	2.638892e-06	-7.253731e-04	-8.283101e-04
7.090563884703442e-01	7.397082e-04	-6.319452e-04	-9.867422e-04	-1.525155e-04	3.667831e-06	2.584138e-06	-7.360404e-04	-8.404786e-04
7.110095134703442e-01	7.496186e-04	-6.220416e-04	-9.956950e-04	-1.502186e-04	3.717051e-06	2.533823e-06	-7.459015e-04	-8.517273e-04
7.129626384703442e-01	7.585696e-04	-6.130977e-04	-1.003779e-03	-1.481418e-04	3.761509e-06	2.488627e-06	-7.548081e-04	-8.618870e-04
7.149157634703442e-01	7.664267e-04	-6.052477e-04	-1.010872e-03	-1.463172e-04	3.800534e-06	2.449152e-06	-7.626261e-04	-8.708047e-04
7.168688884703442e-01	7.730713e-04	-5.986096e-04	-1.016870e-03	-1.447728e-04	3.833537e-06	2.415912e-06	-7.692378e-04	-8.783461e-04
7.188220134703442e-01	7.784034e-04	-5.932830e-04	-1.021681e-03	-1.435327e-04	3.860022e-06	2.389333e-06	-7.745434e-04	-8.843978e-04
7.207751384703442e-01	7.823427e-04	-5.893481e-04	-1.025236e-03	-1.426161e-04	3.879589e-06	2.369753e-06	-7.784631e-04	-8.888688e-04
7.227282634703442e-01	7.848298e-04	-5.868638e-04	-1.027479e-03	-1.420372e-04	3.891942e-06	2.357414e-06	-7.809379e-04	-8.916915e-04
7.246813884703442e-01	7.858273e-04	-5.858674e-04	-1.028379e-03	-1.418050e-04	3.896896e-06	2.352472e-06	-7.819305e-04	-8.928236e-04
7.266345134703442e-01	7.853202e-04	-5.863740e-04	-1.027922e-03	-1.419231e-04	3.894375e-06	2.354987e-06	-7.814258e-04	-8.922480e-04
7.285876384703442e-01	7.833160e-04	-5.883758e-04	-1.026114e-03	-1.423897e-04	3.884418e-06	2.364928e-06	-7.794316e-04	-8.899734e-04
7.305407634703442e-01	7.798450e-04	-5.918430e-04	-1.022982e-03	-1.431976e-04	3.867175e-06	2.382171e-06	-7.759779e-04	-8.860340e-04
7.324938884703442e-01	7.749595e-04	-5.967233e-04	-1.018574e-03	-1.443341e-04	3.842906e-06	2.406502e-06	-7.711166e-04	-8.804892e-04
7.344470134703442e-01	7.687330e-04	-6.029435e-04	-1.012954e-03	-1.457816e-04	3.811976e-06	2.437614e-06	-7.649210e-04	-8.734224e-04
7.364001384703442e-01	7.612594e-04	-6.104103e-04	-1.006208e-03	-1.475178e-04	3.774853e-06	2.475110e-06	-7.574846e-04	-8.649399e-04
7.383532634703442e-01	7.526512e-04	-6.190113e-04	-9.984346e-04	-1.495157e-04	3.732096e-06	2.518503e-06	-7.489191e-04	-8.551696e-04
7.403063884703442e-01	7.430381e-04	-6.286175e-04	-9.897512e-04	-1.517445e-04	3.684350e-06	2.567221e-06	-7.393537e-04	-8.442582e-04
7.422595134703442e-01	7.325647e-04	-6.390844e-04	-9.802876e-04	-1.541701e-04	3.632333e-06	2.620608e-06	-7.289324e-04	-8.323703e-04
7.442126384703442e-01	7.213888e-04	-6.502548e-04	-9.701852e-04	-1.567553e-04	3.576830e-06	2.677931e-06	-7.178119e-04	-8.196846e-04
7.461657634703442e-01	7.096785e-04	-6.619607e-04	-9.595955e-04	-1.594607e-04	3.518676e-06	2.738385e-06	-7.061598e-04	-8.063919e-04
7.481188884703442e-01	6.976101e-04	-6.740263e-04	-9.486776e-04	-1.622451e-04	3.458747e-06	2.801106e-06	-6.941513e-04	-7.926924e-04
7.500720134703442e-01	6.853651e-04	-6.862700e-04	-9.375952e-04	-1.650664e-04	3.397945e-06	2.865175e-06	-6.819671e-04	-7.787920e-04
7.520251384703442e-01	6.731277e-04	-6.985078e-04	-9.265150e-04	-1.678821e-04	3.337184e-06	2.929635e-06	-6.697905e-04	-7.648998e-04
7.539782634703442e-01	6.610820e-04	-7.105554e-04	-9.156038e-04	-1.706500e-04	3.277378e-06	2.993504e-06	-6.578047e-04	-7.512248e-04
7.559313884703442e-01	6.494091e-04	-7.222317e-04	-9.050260e-04	-1.733287e-04	3.219426e-06	3.055791e-06	-6.461897e-04	-7.379726e-04
7.578845134703442e-01	6.382845e-04	-7.333610e-04	-8.949412e-04	-1.758784e-04	3.164199e-06	3.115513e-06	-6.351203e-04	-7.253425e-04
7.598376384703442e-01	6.278754e-04	-7.437757e-04	-8.855014e-04	-1.782613e-04	3.112527e-06	3.171710e-06	-6.247628e-04	-7.135244e-04
7.617907634703442e-01	6.183382e-04	-7.533191e-04	-8.768495e-04	-1.804421e-04	3.065186e-06	3.223467e-06	-6.152730e-04	-7.026960e-04
7.637438884703442e-01	6.098162e-04	-7.618475e-04	-8.691161e-04	-1.823889e-04	3.022886e-06	3.269931e-06	-6.067933e-04	-6.930200e-04
7.656970134703442e-01	6.024375e-04	-7.692325e-04	-8.624184e-04	-1.840731e-04	2.986262e-06	3.310325e-06	-5.994512e-04	-6.846419e-04
7.676501384703442e-01	5.963129e-04	-7.753628e-04	-8.568578e-04	-1.854700e-04	2.955864e-06	3.343969e-06	-5.933570e-04	-6.776876e-04
7.696032634703442e-01	5.915343e-04	-7.801460e-04	-8.525185e-04	-1.865592e-04	2.932148e-06	3.370291e-06	-5.886022e-04	-6.722617e-04
7.715563884703442e-01	5.881735e-04	-7.835102e-04	-8.494662e-04	-1.873249e-04	2.915469e-06	3.388841e-06	-5.852581e-04	-6.684456e-04
7.735095134703442e-01	5.862811e-04	-7.854047e-04	-8.477473e-04	-1.877559e-04	2.906078e-06	3.399299e-06	-5.833750e-04	-6.662967e-04
7.754626384703442e-01	5.858854e-04	-7.858009e-04	-8.473878e-04	-1.878460e-04	2.904116e-06	3.401487e-06	-5.829812e-04	-6.658474e-04
7.774157634703442e-01	5.869922e-04	-7.846928e-04	-8.483932e-04	-1.875939e-04	2.909612e-06	3.395365e-06	-5.840827e-04	-6.671043e-04
7.793688884703442e-01	5.895852e-04	-7.820971e-04	-8.507482e-04	-1.870032e-04	2.922483e-06	3.381040e-06	-5.866627e-04	-6.700486e-04
7.813220134703442e-01	5.936252e-04	-7.780530e-04	-8.544171e-04	-1.860824e-04	2.942536e-06	3.358757e-06	-5.906827e-04	-6.746359e-04
7.832751384703442e-01	5.990517e-04	-7.726213e-04	-8.593443e-04	-1.848451e-04	2.969471e-06	3.328900e-06	-5.960822e-04	-6.807975e-04
7.852282634703442e-01	6.057831e-04	-7.658839e-04	-8.654551e-04	-1.833093e-04	3.002884e-06	3.291978e-06	-6.027803e-04	-6.884407e-04
7.871813884703442e-01	6.137184e-04	-7.579423e-04	-8.726570e-04	-1.814973e-04	3.042273e-06	3.248615e-06	-6.106761e-04	-6.974505e-04
7.891345134703442e-01	6.227383e-04	-7.489161e-04	-8.808409e-04	-1.794358e-04	3.087048e-06	3.199540e-06	-6.196512e-04	-7.076917e-04
7.910876384703442e-01	6.327073e-04	-7.389411e-04	-8.898831e-04	-1.771549e-04	3.136536e-06	3.145567e-06	-6.295707e-04	-7.190102e-04
7.930407634703442e-01	6.434755e-04	-7.281676e-04	-8.996468e-04	-1.746884e-04	3.189993e-06	3.087581e-06	-6.402856e-04	-7.312360e-04
7.949938884703442e-01	6.548813e-04	-7.167577e-04	-9.099847e-04	-1.720727e-04	3.246618e-06	3.026522e-06	-6.516347e-04	-7.441851e-04
7.969470134703442e-01	6.667531e-04	-7.048832e-04	-9.207407e-04	-1.693467e-04	3.305559e-06	2.963360e-06	-6.634475e-04	-7.576629e-04
7.989001384703442e-01	6.789124e-04	-6.927227e-04	-9.317526e-04	-1.665509e-04	3.365931e-06	2.899087e-06	-6.755465e-04	-7.714667e-04
8.008532634703442e-01	6.911764e-04	-6.804591e-04	-9.428547e-04	-1.637272e-04	3.426826e-06	2.834691e-06	-6.877495e-04	-7.853889e-04
8.028063884703442e-01	7.033606e-04	-6.682769e-04	-9.538798e-04	-1.609181e-04	3.487327e-06	2.771143e-06	-6.998733e-04	-7.992202e-04
8.047595134703442e-01	7.152817e-04	-6.563594e-04	-9.646625e-04	-1.581660e-04	3.546525e-06	2.709385e-06	-7.117352e-04	-8.127523e-04
8.067126384703442e-01	7.267604e-04	-6.448856e-04	-9.750407e-04	-1.555126e-04	3.603529e-06	2.650310e-06	-7.231568e-04	-8.257819e-04
8.086657634703442e-01	7.376239e-04	-6.340282e-04	-9.848588e-04	-1.529983e-04	3.657480e-06	2.594757e-06	-7.339664e-04	-8.381128e-04
8.106188884703442e-01	7.477087e-04	-6.239502e-04	-9.939700e-04	-1.506614e-04	3.707566e-06	2.543497e-06	-7.440011e-04	-8.495596e-04
8.125720134703442e-01	7.568629e-04	-6.148031e-04	-1.002238e-03	-1.485380e-04	3.753032e-06	2.497227e-06	-7.531098e-04	-8.599498e-04
8.145251384703442e-01	7.649487e-04	-6.067243e-04	-1.009538e-03	-1.466605e-04	3.793193e-06	2.456564e-06	-7.611555e-04	-8.691272e-04
8.164782634703442e-01	7.718444e-04	-5.998352e-04	-1.015762e-03	-1.450581e-04	3.827443e-06	2.422039e-06	-7.680170e-04	-8.769537e-04
8.184313884703442e-01	7.774461e-04	-5.942393e-04	-1.020817e-03	-1.437554e-04	3.855267e-06	2.394099e-06	-7.735908e-04	-8.833114e-04
8.203845134703442e-01	7.816694e-04	-5.900206e-04	-1.024628e-03	-1.427728e-04	3.876245e-06	2.373096e-06	-7.777932e-04	-8.881046e-04
8.223376384703442e-01	7.844507e-04	-5.872425e-04	-1.027137e-03	-1.421254e-04	3.890059e-06	2.359294e-06	-7.805607e-04	-8.912612e-04
8.242907634703442e-01	7.857481e-04	-5.859466e-04	-1.028308e-03	-1.418234e-04	3.896503e-06	2.352865e-06	-7.818515e-04	-8.927336e-04
8.262438884703442e-01	7.855420e-04	-5.861525e-04	-1.028122e-03	-1.418715e-04	3.895477e-06	2.353888e-06	-7.816465e-04	-8.924997e-04
8.281970134703442e-01	7.838355e-04	-5.878570e-04	-1.026582e-03	-1.422688e-04	3.886999e-06	2.362350e-06	-7.799485e-04	-8.905630e-04
8.301501384703442e-01	7.806544e-04	-5.910345e-04	-1.023712e-03	-1.430092e-04	3.871196e-06	2.378147e-06	-7.767832e-04	-8.869526e-04
8.321032634703442e-01	7.760465e-04	-5.956374e-04	-1.019555e-03	-1.440813e-04	3.848305e-06	2.401082e-06	-7.721982e-04	-8.817229e-04
8.340563884703442e-01	7.700814e-04	-6.015965e-04	-1.014171e-03	-1.454682e-04	3.818674e-06	2.430867e-06	-7.662627e-04	-8.749527e-04
8.360095134703442e-01	7.628488e-04	-6.088223e-04	-1.007643e-03	-1.471487e-04	3.782748e-06	2.467122e-06	-7.590660e-04	-8.667438e-04
8.379626384703442e-01	7.544576e-04	-6.172063e-04	-1.000066e-03	-1.490966e-04	3.741068e-06	2.509379e-06	-7.507165e-04	-8.572199e-04
8.399157634703442e-01	7.450344e-04	-6.266226e-04	-9.915547e-04	-1.512819e-04	3.694264e-06	2.557081e-06	-7.413401e-04	-8.465241e-04
8.418688884703442e-01	7.347208e-04	-6.369295e-04	-9.822360e-04	-1.536710e-04	3.643041e-06	2.609591e-06	-7.310777e-04	-8.348176e-04
8.438220134703442e-01	7.236722e-04	-6.479724e-04	-9.722496e-04	-1.562274e-04	3.588170e-06	2.666189e-06	-7.200841e-04	-8.222766e-04
8.457751384703442e-01	7.120549e-04	-6.595851e-04	-9.617449e-04	-1.589119e-04	3.530477e-06	2.726085e-06	-7.085244e-04	-8.090896e-04
8.477282634703442e-01	7.000437e-04	-6.715931e-04	-9.508797e-04	-1.616839e-04	3.470832e-06	2.788424e-06	-6.965729e-04	-7.954550e-04
8.496813884703442e-01	6.878194e-04	-6.838159e-04	-9.398168e-04	-1.645012e-04	3.410132e-06	2.852299e-06	-6.844092e-04	-7.815781e-04
8.516345134703442e-01	6.755657e-04	-6.960695e-04	-9.287228e-04	-1.673214e-04	3.349289e-06	2.916758e-06	-6.722164e-04	-7.676675e-04
8.535876384703442e-01	6.634670e-04	-7.081698e-04	-9.177646e-04	-1.701022e-04	3.289219e-06	2.980825e-06	-6.601778e-04	-7.539325e-04
8.555407634703442e-01	6.517054e-04	-7.199347e-04	-9.071072e-04	-1.728020e-04	3.230826e-06	3.043508e-06	-6.484746e-04	-7.405795e-04
8.574938884703442e-01	6.404574e-04	-7.311871e-04	-8.969113e-04	-1.753806e-04	3.174986e-06	3.103820e-06	-6.372824e-04	-7.278094e-04
8.594470134703442e-01	6.298923e-04	-7.417576e-04	-8.873307e-04	-1.777998e-04	3.122539e-06	3.160797e-06	-6.267697e-04	-7.158143e-04
8.614001384703442e-01	6.201688e-04	-7.514873e-04	-8.785104e-04	-1.800237e-04	3.074272e-06	3.213513e-06	-6.170945e-04	-7.047744e-04
8.633532634703442e-01	6.114330e-04	-7.602294e-04	-8.705835e-04	-1.820197e-04	3.030911e-06	3.261100e-06	-6.084021e-04	-6.948558e-04
8.653063884703442e-01	6.038162e-04	-7.678526e-04	-8.636700e-04	-1.837585e-04	2.993105e-06	3.302766e-06	-6.008231e-04	-6.862073e-04
8.672595134703442e-01	5.974328e-04	-7.742418e-04	-8.578746e-04	-1.852146e-04	2.961422e-06	3.337809e-06	-5.944713e-04	-6.789592e-04
8.692126384703442e-01	5.923786e-04	-7.793009e-04	-8.532852e-04	-1.863668e-04	2.936338e-06	3.365636e-06	-5.894422e-04	-6.732204e-04
8.711657634703442e-01	5.887295e-04	-7.829537e-04	-8.499712e-04	-1.871983e-04	2.918228e-06	3.385770e-06	-5.858113e-04	-6.690769e-04
8.731188884703442e-01	5.865404e-04	-7.851451e-04	-8.479829e-04	-1.876969e-04	2.907365e-06	3.397865e-06	-5.836331e-04	-6.665912e-04
8.750720134703442e-01	5.858442e-04	-7.858421e-04	-8.473505e-04	-1.878554e-04	2.903911e-06	3.401715e-06	-5.829402e-04	-6.658006e-04
8.770251384703442e-01	5.866511e-04	-7.850343e-04	-8.480834e-04	-1.876716e-04	2.907918e-06	3.397251e-06	-5.837432e-04	-6.667170e-04
8.789782634703442e-01	5.889493e-04	-7.827337e-04	-8.501707e-04	-1.871480e-04	2.919326e-06	3.384551e-06	-5.860300e-04	-6.693265e-04
8.809313884703442e-01	5.927041e-04	-7.789750e-04	-8.535806e-04	-1.862924e-04	2.937964e-06	3.363834e-06	-5.897661e-04	-6.735900e-04
8.828845134703442e-01	5.978592e-04	-7.738150e-04	-8.582615e-04	-1.851171e-04	2.963552e-06	3.335455e-06	-5.948956e-04	-6.794434e-04
8.848376384703442e-01	6.043370e-04	-7.673313e-04	-8.641424e-04	-1.836393e-04	2.995706e-06	3.299899e-06	-6.013414e-04	-6.867987e-04
8.867907634703442e-01	6.120405e-04	-7.596215e-04	-8.711343e-04	-1.818806e-04	3.033945e-06	3.257769e-06	-6.090066e-04	-6.955455e-04
8.887438884703442e-01	6.208538e-04	-7.508018e-04	-8.791313e-04	-1.798666e-04	3.077693e-06	3.209774e-06	-6.177761e-04	-7.055521e-04
8.906970134703442e-01	6.306445e-04	-7.410050e-04	-8.880124e-04	-1.776271e-04	3.126296e-06	3.156712e-06	-6.275182e-04	-7.166683e-04
8.926501384703442e-01	6.412655e-04	-7.303786e-04	-8.976433e-04	-1.751949e-04	3.179022e-06	3.099455e-06	-6.380865e-04	-7.287269e-04
8.946032634703442e-01	6.525572e-04	-7.190825e-04	-9.078786e-04	-1.726060e-04	3.235080e-06	3.038933e-06	-6.493222e-04	-7.415466e-04
8.965563884703442e-01	6.643499e-04	-7.072868e-04	-9.185637e-04	-1.698988e-04	3.293628e-06	2.976113e-06	-6.610563e-04	-7.549347e-04
8.985095134703442e-01	6.764663e-04	-6.951689e-04	-9.295377e-04	-1.671136e-04	3.353786e-06	2.911983e-06	-6.731125e-04	-7.686898e-04
9.014392009703442e-01	6.948484e-04	-6.767875e-04	-9.461779e-04	-1.628810e-04	3.445059e-06	2.815494e-06	-6.914033e-04	-7.895574e-04
9.033923259703442e-01	7.069728e-04	-6.646657e-04	-9.571476e-04	-1.600846e-04	3.505264e-06	2.752387e-06	-7.034675e-04	-8.033206e-04
9.053454509703442e-01	7.187798e-04	-6.528627e-04	-9.678256e-04	-1.573578e-04	3.563896e-06	2.691341e-06	-7.152159e-04	-8.167231e-04
9.072985759703442e-01	7.300916e-04	-6.415560e-04	-9.780518e-04	-1.547419e-04	3.620073e-06	2.633238e-06	-7.264716e-04	-8.295632e-04
9.092517009703442e-01	7.407382e-04	-6.309158e-04	-9.876728e-04	-1.522769e-04	3.672947e-06	2.578895e-06	-7.370653e-04	-8.416478e-04
9.112048259703442e-01	7.505591e-04	-6.211018e-04	-9.965446e-04	-1.500004e-04	3.721723e-06	2.529062e-06	-7.468375e-04	-8.527950e-04
9.131579509703442e-01	7.594067e-04	-6.122614e-04	-1.004534e-03	-1.479475e-04	3.765666e-06	2.484413e-06	-7.556410e-04	-8.628370e-04
9.151110759703442e-01	7.671475e-04	-6.045276e-04	-1.011523e-03	-1.461497e-04	3.804114e-06	2.445540e-06	-7.633434e-04	-8.716228e-04
9.170642009703442e-01	7.736650e-04	-5.980164e-04	-1.017405e-03	-1.446348e-04	3.836486e-06	2.412948e-06	-7.698286e-04	-8.790200e-04
9.190173259703442e-01	7.788611e-04	-5.928258e-04	-1.022094e-03	-1.434263e-04	3.862296e-06	2.387056e-06	-7.749989e-04	-8.849174e-04
9.209704509703442e-01	7.826575e-04	-5.890336e-04	-1.025520e-03	-1.425428e-04	3.881153e-06	2.368190e-06	-7.787764e-04	-8.892261e-04
9.229235759703442e-01	7.849970e-04	-5.866967e-04	-1.027630e-03	-1.419983e-04	3.892773e-06	2.356586e-06	-7.811043e-04	-8.918812e-04
9.248767009703442e-01	7.858444e-04	-5.858504e-04	-1.028395e-03	-1.418010e-04	3.896981e-06	2.352388e-06	-7.819474e-04	-8.928429e-04
9.268298259703442e-01	7.851868e-04	-5.865072e-04	-1.027801e-03	-1.419542e-04	3.893713e-06	2.355648e-06	-7.812931e-04	-8.920967e-04
9.287829509703442e-01	7.830343e-04	-5.886573e-04	-1.025860e-03	-1.424553e-04	3.883019e-06	2.366326e-06	-7.791512e-04	-8.896536e-04
9.307360759703442e-01	7.794191e-04	-5.922685e-04	-1.022598e-03	-1.432967e-04	3.865059e-06	2.384290e-06	-7.755540e-04	-8.855506e-04
9.326892009703442e-01	7.743958e-04	-5.972864e-04	-1.018065e-03	-1.444652e-04	3.840105e-06	2.409314e-06	-7.705557e-04	-8.798494e-04
9.346423259703442e-01	7.680401e-04	-6.036359e-04	-1.012329e-03	-1.459427e-04	3.808534e-06	2.441084e-06	-7.642315e-04	-8.726359e-04
9.365954509703442e-01	7.604476e-04	-6.112214e-04	-1.005475e-03	-1.477063e-04	3.770821e-06	2.479193e-06	-7.566768e-04	-8.640185e-04
9.385485759703442e-01	7.517328e-04	-6.199290e-04	-9.976052e-04	-1.497287e-04	3.727535e-06	2.523145e-06	-7.480053e-04	-8.541272e-04
9.405017009703442e-01	7.420270e-04	-6.296280e-04	-9.888377e-04	-1.519788e-04	3.679328e-06	2.572361e-06	-7.383476e-04	-8.431106e-04
9.424548259703442e-01	7.314760e-04	-6.401725e-04	-9.793036e-04	-1.544221e-04	3.626926e-06	2.626176e-06	-7.278491e-04	-8.311346e-04
9.444079509703442e-01	7.202390e-04	-6.514041e-04	-9.691456e-04	-1.570211e-04	3.571120e-06	2.683849e-06	-7.166678e-04	-8.183794e-04
9.463610759703442e-01	7.084848e-04	-6.631541e-04	-9.585159e-04	-1.597362e-04	3.512748e-06	2.744570e-06	-7.049720e-04	-8.050369e-04
9.483142009703442e-01	6.963905e-04	-6.752457e-04	-9.475740e-04	-1.625262e-04	3.452691e-06	2.807468e-06	-6.929378e-04	-7.913079e-04
9.512438884703442e-01	6.780099e-04	-6.936252e-04	-9.309361e-04	-1.667592e-04	3.361425e-06	2.903866e-06	-6.746485e-04	-7.704422e-04
9.531970134703442e-01	6.658656e-04	-7.057709e-04	-9.199374e-04	-1.695512e-04	3.301128e-06	2.968091e-06	-6.625645e-04	-7.566554e-04
9.551501384703442e-01	6.540222e-04	-7.176172e-04	-9.092068e-04	-1.722705e-04	3.242328e-06	3.031130e-06	-6.507798e-04	-7.432097e-04
9.571032634703442e-01	6.426576e-04	-7.289859e-04	-8.989060e-04	-1.748764e-04	3.185909e-06	3.091994e-06	-6.394717e-04	-7.303075e-04
9.590563884703442e-01	6.319429e-04	-7.397059e-04	-8.891905e-04	-1.773304e-04	3.132719e-06	3.149714e-06	-6.288102e-04	-7.181425e-04
9.610095134703442e-01	6.220390e-04	-7.496158e-04	-8.802070e-04	-1.795962e-04	3.083556e-06	3.203353e-06	-6.189554e-04	-7.068978e-04
9.629626384703442e-01	6.130946e-04	-7.585665e-04	-8.720914e-04	-1.816402e-04	3.039158e-06	3.252032e-06	-6.100555e-04	-6.967423e-04
9.649157634703442e-01	6.052443e-04	-7.664232e-04	-8.649664e-04	-1.834326e-04	3.000193e-06	3.294942e-06	-6.022441e-04	-6.878289e-04
9.668688884703442e-01	5.986059e-04	-7.730675e-04	-8.589398e-04	-1.849471e-04	2.967245e-06	3.331361e-06	-5.956386e-04	-6.802913e-04
9.688220134703442e-01	5.932791e-04	-7.783995e-04	-8.541030e-04	-1.861616e-04	2.940807e-06	3.360673e-06	-5.903383e-04	-6.742429e-04
9.707751384703442e-01	5.893440e-04	-7.823386e-04	-8.505293e-04	-1.870583e-04	2.921278e-06	3.382377e-06	-5.864227e-04	-6.697747e-04
9.727282634703442e-01	5.868595e-04	-7.848256e-04	-8.482728e-04	-1.876242e-04	2.908949e-06	3.396101e-06	-5.839506e-04	-6.669536e-04
9.746813884703442e-01	5.858631e-04	-7.858231e-04	-8.473677e-04	-1.878511e-04	2.904005e-06	3.401610e-06	-5.829592e-04	-6.658222e-04
9.766345134703442e-01	5.863698e-04	-7.853159e-04	-8.478278e-04	-1.877357e-04	2.906521e-06	3.398807e-06	-5.834632e-04	-6.663974e-04
9.785876384703442e-01	5.883717e-04	-7.833118e-04	-8.496461e-04	-1.872796e-04	2.916459e-06	3.387741e-06	-5.854553e-04	-6.686706e-04
9.805407634703442e-01	5.918390e-04	-7.798410e-04	-8.527950e-04	-1.864896e-04	2.933670e-06	3.368604e-06	-5.889053e-04	-6.726077e-04
9.824938884703442e-01	5.967196e-04	-7.749557e-04	-8.572268e-04	-1.853770e-04	2.957895e-06	3.341722e-06	-5.937616e-04	-6.781494e-04
9.844470134703442e-01	6.029400e-04	-7.687295e-04	-8.628743e-04	-1.839581e-04	2.988772e-06	3.307557e-06	-5.999513e-04	-6.852125e-04
9.864001384703442e-01	6.104071e-04	-7.612562e-04	-8.696519e-04	-1.822536e-04	3.025837e-06	3.266689e-06	-6.073812e-04	-6.936908e-04
9.883532634703442e-01	6.190085e-04	-7.526484e-04	-8.774571e-04	-1.802885e-04	3.068533e-06	3.219805e-06	-6.159400e-04	-7.034570e-04
9.903063884703442e-01	6.286150e-04	-7.430356e-04	-8.861717e-04	-1.780915e-04	3.116221e-06	3.167688e-06	-6.254988e-04	-7.143641e-04
9.922595134703442e-01	6.390824e-04	-7.325627e-04	-8.956640e-04	-1.756951e-04	3.168184e-06	3.111198e-06	-6.359142e-04	-7.262483e-04
9.942126384703442e-01	6.502533e-04	-7.213873e-04	-9.057905e-04	-1.731345e-04	3.223642e-06	3.051253e-06	-6.470297e-04	-7.389309e-04
9.961657634703442e-01	6.619598e-04	-7.096775e-04	-9.163984e-04	-1.704478e-04	3.281761e-06	2.988814e-06	-6.586780e-04	-7.522212e-04
9.981188884703442e-01	6.740258e-04	-6.976096e-04	-9.273277e-04	-1.676749e-04	3.341669e-06	2.924866e-06	-6.706842e-04	-7.659193e-04
1.000000000000000e+00	-nan	-nan	-nan	-nan	-nan	-nan	-nan	-nan
