time	V(n004)	V(n005)	I(I1)
0.000000000000000e+00	-2.176679e+00	-2.744022e+00	1.280330e-04
7.264751924334895e-03	-2.217060e+00	-2.523509e+00	1.304084e-04
1.452950384866979e-02	-2.255294e+00	-2.314714e+00	1.326574e-04
2.179425577300469e-02	-2.291378e+00	-2.117638e+00	1.347800e-04
2.905900769733958e-02	-2.325315e+00	-1.932281e+00	1.367763e-04
3.632375962167447e-02	-2.357104e+00	-1.758642e+00	1.386463e-04
4.358851154600937e-02	-2.386745e+00	-1.596722e+00	1.403899e-04
5.085326347034425e-02	-2.414237e+00	-1.446521e+00	1.420071e-04
5.489902239891568e-02	-2.428447e+00	-1.368902e+00	1.428429e-04
5.894478132748711e-02	-2.441891e+00	-1.295464e+00	1.436337e-04
6.299054025605853e-02	-2.454569e+00	-1.226207e+00	1.443795e-04
6.703629918462997e-02	-2.466482e+00	-1.161132e+00	1.450803e-04
7.108205811320140e-02	-2.477629e+00	-1.100238e+00	1.457360e-04
7.512781704177282e-02	-2.488011e+00	-1.043524e+00	1.463467e-04
7.917357597034425e-02	-2.497628e+00	-9.909924e-01	1.469124e-04
8.266129918462996e-02	-2.505275e+00	-9.491902e-01	1.473623e-04
8.614902239891567e-02	-2.512324e+00	-9.106765e-01	1.477769e-04
8.963674561320140e-02	-2.518775e+00	-8.754514e-01	1.481564e-04
9.312446882748711e-02	-2.524628e+00	-8.435148e-01	1.485006e-04
9.661219204177282e-02	-2.529882e+00	-8.148667e-01	1.488097e-04
1.000999152560585e-01	-2.534538e+00	-7.895072e-01	1.490836e-04
1.035876384703442e-01	-2.538595e+00	-7.674361e-01	1.493223e-04
1.056802723989157e-01	-2.540735e+00	-7.559100e-01	1.494481e-04
1.077729063274871e-01	-2.542656e+00	-7.456142e-01	1.495611e-04
1.098655402560585e-01	-2.544357e+00	-7.365488e-01	1.496612e-04
1.119581741846300e-01	-2.545838e+00	-7.287137e-01	1.497483e-04
1.140508081132014e-01	-2.547100e+00	-7.221090e-01	1.498226e-04
1.161434420417728e-01	-2.548142e+00	-7.167347e-01	1.498839e-04
1.182360759703442e-01	-2.548965e+00	-7.125908e-01	1.499323e-04
1.206077277560585e-01	-2.549631e+00	-7.092300e-01	1.499714e-04
1.229793795417728e-01	-2.550014e+00	-7.073003e-01	1.499940e-04
1.253510313274871e-01	-2.550113e+00	-7.068018e-01	1.499998e-04
1.277226831132014e-01	-2.549930e+00	-7.077343e-01	1.499890e-04
1.300943348989157e-01	-2.549464e+00	-7.100978e-01	1.499616e-04
1.324659866846300e-01	-2.548714e+00	-7.138925e-01	1.499175e-04
1.348376384703442e-01	-2.547682e+00	-7.191182e-01	1.498568e-04
1.379068348989157e-01	-2.545924e+00	-7.282454e-01	1.497534e-04
1.409760313274871e-01	-2.543695e+00	-7.400211e-01	1.496223e-04
1.440452277560585e-01	-2.540997e+00	-7.544454e-01	1.494636e-04
1.471144241846300e-01	-2.537829e+00	-7.715183e-01	1.492772e-04
1.501836206132014e-01	-2.534191e+00	-7.912399e-01	1.490632e-04
1.532528170417728e-01	-2.530083e+00	-8.136100e-01	1.488216e-04
1.563220134703442e-01	-2.525505e+00	-8.386288e-01	1.485523e-04
1.607862991846300e-01	-2.518002e+00	-8.796021e-01	1.481109e-04
1.652505848989157e-01	-2.509539e+00	-9.258151e-01	1.476131e-04
1.697148706132014e-01	-2.500118e+00	-9.772677e-01	1.470589e-04
1.741791563274871e-01	-2.489737e+00	-1.033960e+00	1.464483e-04
1.786434420417728e-01	-2.478398e+00	-1.095892e+00	1.457812e-04
1.831077277560585e-01	-2.466100e+00	-1.163063e+00	1.450578e-04
1.875720134703442e-01	-2.452842e+00	-1.235475e+00	1.442780e-04
1.885485759703442e-01	-2.449823e+00	-1.251965e+00	1.441004e-04
1.905017009703442e-01	-2.443652e+00	-1.285671e+00	1.437374e-04
1.924548259703442e-01	-2.437305e+00	-1.320338e+00	1.433640e-04
1.953845134703442e-01	-2.427457e+00	-1.374129e+00	1.427847e-04
2.022204509703442e-01	-2.402828e+00	-1.508650e+00	1.413359e-04
2.090563884703442e-01	-2.376252e+00	-1.653806e+00	1.397726e-04
2.158923259703442e-01	-2.347729e+00	-1.809597e+00	1.380948e-04
2.227282634703442e-01	-2.317260e+00	-1.976023e+00	1.363025e-04
2.295642009703442e-01	-2.284843e+00	-2.153083e+00	1.343956e-04
2.364001384703442e-01	-2.250480e+00	-2.340778e+00	1.323742e-04
2.432360759703442e-01	-2.214169e+00	-2.539108e+00	1.302383e-04
2.536992456132014e-01	-2.154752e+00	-2.863648e+00	1.267432e-04
2.641624152560585e-01	-2.092250e+00	-3.205044e+00	1.230665e-04
2.746255848989157e-01	-2.026661e+00	-3.563297e+00	1.192084e-04
2.850887545417728e-01	-1.957987e+00	-3.938405e+00	1.151687e-04
2.955519241846299e-01	-1.886226e+00	-4.330371e+00	1.109475e-04
3.060150938274872e-01	-1.811380e+00	-4.739192e+00	1.065447e-04
3.164782634703442e-01	-1.733448e+00	-5.164870e+00	1.019605e-04
3.241512545417728e-01	-1.675230e+00	-5.482866e+00	9.853587e-05
3.318242456132014e-01	-1.616428e+00	-5.804053e+00	9.507691e-05
3.394972366846299e-01	-1.557042e+00	-6.128432e+00	9.158359e-05
3.471702277560585e-01	-1.497072e+00	-6.456002e+00	8.805591e-05
3.548432188274871e-01	-1.436517e+00	-6.786763e+00	8.449387e-05
3.625162098989157e-01	-1.375378e+00	-7.120715e+00	8.089746e-05
3.701892009703442e-01	-1.313656e+00	-7.457859e+00	7.726669e-05
3.735374152560585e-01	-1.286809e+00	-7.604501e+00	7.568747e-05
3.768856295417728e-01	-1.259987e+00	-7.751009e+00	7.410970e-05
3.802338438274871e-01	-1.233189e+00	-7.897384e+00	7.253336e-05
3.835820581132014e-01	-1.206416e+00	-8.043625e+00	7.095846e-05
3.869302723989157e-01	-1.179667e+00	-8.189733e+00	6.938500e-05
3.902784866846299e-01	-1.152943e+00	-8.335707e+00	6.781298e-05
3.936267009703442e-01	-1.126243e+00	-8.481547e+00	6.624240e-05
3.990675491846299e-01	-1.082926e+00	-8.718157e+00	6.369431e-05
4.045083973989157e-01	-1.039958e+00	-8.952861e+00	6.116675e-05
4.099492456132014e-01	-9.973383e-01	-9.185659e+00	5.865971e-05
4.153900938274871e-01	-9.550677e-01	-9.416552e+00	5.617319e-05
4.208309420417728e-01	-9.131461e-01	-9.645539e+00	5.370720e-05
4.262717902560585e-01	-8.715733e-01	-9.872621e+00	5.126173e-05
4.317126384703442e-01	-8.303494e-01	-1.009780e+01	4.883679e-05
4.336657634703442e-01	-8.157197e-01	-1.017771e+01	4.797621e-05
4.372929956132014e-01	-7.887011e-01	-1.032529e+01	4.638688e-05
4.409202277560585e-01	-7.619695e-01	-1.047131e+01	4.481443e-05
4.445474598989157e-01	-7.355248e-01	-1.061576e+01	4.325885e-05
4.481746920417728e-01	-7.093670e-01	-1.075864e+01	4.172015e-05
4.518019241846299e-01	-6.834961e-01	-1.089995e+01	4.019832e-05
4.554291563274871e-01	-6.579121e-01	-1.103970e+01	3.869338e-05
4.590563884703442e-01	-6.326150e-01	-1.117788e+01	3.720531e-05
4.692405402560585e-01	-5.628850e-01	-1.155877e+01	3.310352e-05
4.794246920417728e-01	-4.967046e-01	-1.192027e+01	2.921054e-05
4.896088438274871e-01	-4.340737e-01	-1.226238e+01	2.552636e-05
4.997929956132014e-01	-3.749924e-01	-1.258510e+01	2.205097e-05
5.099771473989156e-01	-3.194606e-01	-1.288844e+01	1.878438e-05
5.201612991846299e-01	-2.674784e-01	-1.317238e+01	1.572659e-05
5.303454509703442e-01	-2.190458e-01	-1.343694e+01	1.287760e-05
5.381579509703442e-01	-1.851038e-01	-1.362235e+01	1.088100e-05
5.459704509703442e-01	-1.539554e-01	-1.379250e+01	9.048740e-06
5.537829509703442e-01	-1.256007e-01	-1.394739e+01	7.380808e-06
5.615954509703442e-01	-1.000396e-01	-1.408701e+01	5.877208e-06
5.694079509703442e-01	-7.727216e-02	-1.421138e+01	4.537941e-06
5.772204509703442e-01	-5.729835e-02	-1.432048e+01	3.363006e-06
5.850329509703442e-01	-4.011818e-02	-1.441433e+01	2.352403e-06
5.903342902560585e-01	-3.023452e-02	-1.446779e+01	1.771009e-06
5.956356295417728e-01	-2.175088e-02	-1.451255e+01	1.271969e-06
6.009369688274872e-01	-1.466727e-02	-1.454859e+01	8.552841e-07
6.062383081132015e-01	-8.983673e-03	-1.457591e+01	5.209536e-07
6.115396473989156e-01	-4.700100e-03	-1.459452e+01	2.689777e-07
6.168409866846299e-01	-1.816548e-03	-1.460441e+01	9.935628e-08
6.221423259703442e-01	-3.330178e-04	-1.460560e+01	1.208940e-08
6.231188884703442e-01	-2.165547e-04	-1.460591e+01	5.238598e-09
6.240954509703442e-01	-1.480910e-04	-1.460609e+01	1.211306e-09
6.250720134703442e-01	-1.276294e-04	-1.460615e+01	7.677476e-12
6.260485759703442e-01	-1.551707e-04	-1.460608e+01	1.627756e-09
6.270251384703442e-01	-2.307136e-04	-1.460587e+01	6.071480e-09
6.280017009703442e-01	-3.542556e-04	-1.460554e+01	1.333868e-08
6.289782634703442e-01	-5.257918e-04	-1.460507e+01	2.342909e-08
6.299548259703442e-01	-7.453159e-04	-1.460447e+01	3.634233e-08
6.309313884703442e-01	-1.012819e-03	-1.460373e+01	5.207790e-08
6.319079509703442e-01	-1.328293e-03	-1.460283e+01	7.063522e-08
6.328845134703442e-01	-1.691723e-03	-1.460179e+01	9.201359e-08
6.338610759703442e-01	-2.103098e-03	-1.460058e+01	1.162122e-07
6.348376384703442e-01	-2.562401e-03	-1.459920e+01	1.432302e-07
6.358142009703442e-01	-3.069615e-03	-1.459763e+01	1.730664e-07
6.367907634703442e-01	-3.624722e-03	-1.459587e+01	2.057199e-07
6.377673259703442e-01	-4.227699e-03	-1.459390e+01	2.411893e-07
6.387438884703442e-01	-4.878525e-03	-1.459171e+01	2.794733e-07
6.406970134703442e-01	-6.323623e-03	-1.458658e+01	3.644794e-07
6.426501384703442e-01	-7.959796e-03	-1.458033e+01	4.607253e-07
6.446032634703442e-01	-9.786800e-03	-1.457283e+01	5.681966e-07
6.465563884703442e-01	-1.180436e-02	-1.456394e+01	6.868770e-07
6.485095134703442e-01	-1.401217e-02	-1.455359e+01	8.167488e-07
6.514392009703442e-01	-1.767987e-02	-1.453531e+01	1.032497e-06
6.543688884703442e-01	-2.177363e-02	-1.451390e+01	1.273308e-06
6.572985759703442e-01	-2.629208e-02	-1.448967e+01	1.539100e-06
6.602282634703442e-01	-3.123368e-02	-1.446286e+01	1.829783e-06
6.677617456132013e-01	-4.599223e-02	-1.438230e+01	2.697937e-06
6.752952277560585e-01	-6.338926e-02	-1.428732e+01	3.721296e-06
6.828287098989156e-01	-8.342476e-02	-1.417791e+01	4.899860e-06
6.903621920417728e-01	-1.060987e-01	-1.405408e+01	6.233629e-06
6.978956741846299e-01	-1.314112e-01	-1.391583e+01	7.722604e-06
7.054291563274872e-01	-1.593621e-01	-1.376316e+01	9.366784e-06
7.129626384703442e-01	-1.899516e-01	-1.359607e+01	1.116617e-05
7.231467902560585e-01	-2.355396e-01	-1.334707e+01	1.384783e-05
7.333309420417728e-01	-2.848336e-01	-1.307782e+01	1.674749e-05
7.435150938274872e-01	-3.378334e-01	-1.278834e+01	1.986514e-05
7.536992456132015e-01	-3.945392e-01	-1.247861e+01	2.320079e-05
7.638833973989156e-01	-4.549509e-01	-1.214863e+01	2.675443e-05
7.740675491846299e-01	-5.190685e-01	-1.179842e+01	3.052607e-05
7.842517009703442e-01	-5.868919e-01	-1.142796e+01	3.451570e-05
7.888554956132013e-01	-6.182904e-01	-1.125645e+01	3.636268e-05
7.934592902560585e-01	-6.501704e-01	-1.108232e+01	3.823798e-05
7.980630848989156e-01	-6.825322e-01	-1.090556e+01	4.014162e-05
8.026668795417728e-01	-7.153757e-01	-1.072616e+01	4.207360e-05
8.072706741846299e-01	-7.487008e-01	-1.054413e+01	4.403391e-05
8.118744688274872e-01	-7.825076e-01	-1.035948e+01	4.602256e-05
8.164782634703442e-01	-8.167961e-01	-1.017219e+01	4.803954e-05
8.174548259703442e-01	-8.241051e-01	-1.013226e+01	4.846948e-05
8.227561652560585e-01	-8.641849e-01	-9.913342e+00	5.082712e-05
8.280575045417728e-01	-9.046074e-01	-9.692548e+00	5.320493e-05
8.333588438274872e-01	-9.453726e-01	-9.469881e+00	5.560289e-05
8.386601831132015e-01	-9.864804e-01	-9.245343e+00	5.802100e-05
8.439615223989156e-01	-1.027931e+00	-9.018933e+00	6.045928e-05
8.492628616846299e-01	-1.069724e+00	-8.790651e+00	6.291771e-05
8.545642009703442e-01	-1.111860e+00	-8.560496e+00	6.539630e-05
8.570753616846299e-01	-1.131843e+00	-8.451343e+00	6.657179e-05
8.595865223989156e-01	-1.151850e+00	-8.342063e+00	6.774865e-05
8.620976831132013e-01	-1.171879e+00	-8.232657e+00	6.892688e-05
8.646088438274872e-01	-1.191932e+00	-8.123124e+00	7.010647e-05
8.671200045417728e-01	-1.212009e+00	-8.013464e+00	7.128742e-05
8.696311652560585e-01	-1.232108e+00	-7.903677e+00	7.246974e-05
8.721423259703442e-01	-1.252230e+00	-7.793764e+00	7.365343e-05
8.782807188274872e-01	-1.301584e+00	-7.524184e+00	7.655659e-05
8.844191116846299e-01	-1.350716e+00	-7.255812e+00	7.944674e-05
8.905575045417728e-01	-1.399628e+00	-6.988647e+00	8.232389e-05
8.966958973989156e-01	-1.448318e+00	-6.722689e+00	8.518803e-05
9.028342902560585e-01	-1.496787e+00	-6.457939e+00	8.803917e-05
9.089726831132015e-01	-1.545035e+00	-6.194396e+00	9.087731e-05
9.151110759703442e-01	-1.593062e+00	-5.932060e+00	9.370244e-05
9.244581741846299e-01	-1.665572e+00	-5.535994e+00	9.796772e-05
9.338052723989156e-01	-1.736146e+00	-5.150497e+00	1.021192e-04
9.431523706132015e-01	-1.804786e+00	-4.775569e+00	1.061568e-04
9.524994688274872e-01	-1.871490e+00	-4.411209e+00	1.100806e-04
9.618465670417728e-01	-1.936260e+00	-4.057419e+00	1.138906e-04
9.711936652560585e-01	-1.999094e+00	-3.714196e+00	1.175868e-04
9.805407634703442e-01	-2.059994e+00	-3.381543e+00	1.211691e-04
9.833206544031522e-01	-2.077436e+00	-3.286267e+00	1.221951e-04
9.861005453359601e-01	-2.094621e+00	-3.192398e+00	1.232060e-04
9.888804362687681e-01	-2.111548e+00	-3.099937e+00	1.242017e-04
9.916603272015762e-01	-2.128217e+00	-3.008883e+00	1.251823e-04
9.944402181343841e-01	-2.144629e+00	-2.919236e+00	1.261477e-04
9.972201090671921e-01	-2.160783e+00	-2.830997e+00	1.270979e-04
1.000000000000000e+00	-2.176679e+00	-2.744164e+00	1.280330e-04
