time	V(control)	V(n001)	I(R1)
0.000000000000000e+00	0.000000e+00	-1.499986e+01	1.499986e-02
9.999999717180685e-10	5.000000e+00	-1.499969e+01	1.499969e-02
1.199172971665996e-09	5.000000e+00	-1.499969e+01	1.499969e-02
1.464736971596565e-09	5.000000e+00	-1.499970e+01	1.499970e-02
2.167357287214577e-09	5.000000e+00	-1.499970e+01	1.499970e-02
2.600925992992161e-09	5.000000e+00	-1.499970e+01	1.499970e-02
3.248462285217174e-09	5.000000e+00	-1.499970e+01	1.499970e-02
4.084369433861244e-09	5.000000e+00	-1.499971e+01	1.499971e-02
5.658926970250141e-09	5.000000e+00	-1.499971e+01	1.499971e-02
8.808042043027936e-09	5.000000e+00	-1.499973e+01	1.499973e-02
1.510627218858352e-08	5.000000e+00	-1.499976e+01	1.499976e-02
2.389634574454647e-08	5.000000e+00	-1.499979e+01	1.499979e-02
3.857340675511013e-08	5.000000e+00	-1.499982e+01	1.499982e-02
5.503145724155633e-08	5.000000e+00	-1.499985e+01	1.499985e-02
7.014163621904918e-08	5.000000e+00	-1.499986e+01	1.499986e-02
8.800738863769710e-08	5.000000e+00	-1.499986e+01	1.499986e-02
1.067522617895121e-07	5.000000e+00	-1.499986e+01	1.499986e-02
1.318314765858527e-07	5.000000e+00	-1.499986e+01	1.499986e-02
1.630807366575207e-07	5.000000e+00	-1.499986e+01	1.499986e-02
2.116688660290835e-07	5.000000e+00	-1.499986e+01	1.499986e-02
2.896383386693406e-07	5.000000e+00	-1.499986e+01	1.499986e-02
4.455772839498549e-07	5.000000e+00	-1.499986e+01	1.499986e-02
6.821777122499830e-07	5.000000e+00	-1.499986e+01	1.499986e-02
1.075652782832814e-06	5.000000e+00	-1.499986e+01	1.499986e-02
1.475904969678006e-06	5.000000e+00	-1.499986e+01	1.499986e-02
2.010262197313126e-06	5.000000e+00	-1.499986e+01	1.499986e-02
2.572068628870555e-06	5.000000e+00	-1.499986e+01	1.499986e-02
4.670080769093858e-06	5.000000e+00	-1.499986e+01	1.499986e-02
6.768092909317162e-06	5.000000e+00	-1.499986e+01	1.499986e-02
8.866105049540467e-06	5.000000e+00	-1.499986e+01	1.499986e-02
1.096411718976377e-05	5.000000e+00	-1.499986e+01	1.499986e-02
1.306212932998707e-05	5.000000e+00	-1.499986e+01	1.499986e-02
1.516014147021038e-05	5.000000e+00	-1.499986e+01	1.499986e-02
1.725815361043368e-05	5.000000e+00	-1.499986e+01	1.499986e-02
5.000000010000000e-01	5.000000e+00	-1.499986e+01	1.499986e-02
5.000000019999999e-01	0.000000e+00	-1.499987e+01	1.499987e-02
5.000000179999995e-01	0.000000e+00	-1.499987e+01	1.499987e-02
5.000000206921821e-01	0.000000e+00	-1.499987e+01	1.499987e-02
5.000000252347538e-01	0.000000e+00	-1.499986e+01	1.499986e-02
5.000000343198974e-01	0.000000e+00	-1.499986e+01	1.499986e-02
5.000000524901843e-01	0.000000e+00	-1.499986e+01	1.499986e-02
5.000000888307583e-01	0.000000e+00	-1.499986e+01	1.499986e-02
5.000001417189582e-01	0.000000e+00	-1.499986e+01	1.499986e-02
5.000002180985234e-01	0.000000e+00	-1.499986e+01	1.499986e-02
5.000003446776882e-01	0.000000e+00	-1.499986e+01	1.499986e-02
5.000005978360179e-01	0.000000e+00	-1.499986e+01	1.499986e-02
5.000008501909726e-01	0.000000e+00	-1.499986e+01	1.499986e-02
5.000010826839905e-01	0.000000e+00	-1.499986e+01	1.499986e-02
5.000013058634960e-01	0.000000e+00	-1.499986e+01	1.499986e-02
5.000015456669199e-01	0.000000e+00	-1.499986e+01	1.499986e-02
5.000017691908476e-01	0.000000e+00	-1.499986e+01	1.499986e-02
5.000018350812073e-01	0.000000e+00	-1.499987e+01	1.499987e-02
5.000018519783895e-01	0.000000e+00	-1.499987e+01	1.499987e-02
5.000018550944725e-01	0.000000e+00	-1.499987e+01	1.499987e-02
5.000018560352186e-01	0.000000e+00	-1.499987e+01	1.499987e-02
5.000018563119543e-01	0.000000e+00	-1.499987e+01	1.499987e-02
5.000018565269140e-01	0.000000e+00	-1.499987e+01	1.499987e-02
5.000018567539281e-01	0.000000e+00	-1.499987e+01	1.499987e-02
5.000018570547179e-01	0.000000e+00	-1.499987e+01	1.499987e-02
5.000018573421537e-01	0.000000e+00	-1.499987e+01	1.499987e-02
5.000018577532309e-01	0.000000e+00	-1.499987e+01	1.499987e-02
5.000018582357063e-01	0.000000e+00	-1.499987e+01	1.499987e-02
5.000018590505290e-01	0.000000e+00	-1.499987e+01	1.499987e-02
5.000018603756490e-01	0.000000e+00	-1.499987e+01	1.499987e-02
5.000018630258889e-01	0.000000e+00	-1.499987e+01	1.499987e-02
5.000018683263687e-01	0.000000e+00	-1.499987e+01	1.499987e-02
5.000020233245255e-01	0.000000e+00	-1.499987e+01	1.499987e-02
5.000021886558927e-01	0.000000e+00	-1.499987e+01	1.499987e-02
5.000024308659099e-01	0.000000e+00	-1.499987e+01	1.499987e-02
5.000025398228652e-01	0.000000e+00	-1.499986e+01	1.499986e-02
5.000026622412870e-01	0.000000e+00	-1.499986e+01	1.499986e-02
5.000027798141384e-01	0.000000e+00	-1.499986e+01	1.499986e-02
5.000029042300824e-01	0.000000e+00	-1.499986e+01	1.499986e-02
5.000030487866477e-01	0.000000e+00	-1.499986e+01	1.499986e-02
5.000032233663092e-01	0.000000e+00	-1.499986e+01	1.499986e-02
5.000035725256321e-01	0.000000e+00	-1.499986e+01	1.499986e-02
5.000042708442780e-01	0.000000e+00	-1.499986e+01	1.499986e-02
5.000052443829870e-01	0.000000e+00	-1.499986e+01	1.499986e-02
5.000071914604048e-01	0.000000e+00	-1.499986e+01	1.499986e-02
5.000110856152407e-01	0.000000e+00	-1.499986e+01	1.499986e-02
1.000000000000000e+00	0.000000e+00	-1.499986e+01	1.499986e-02
1.000000001000000e+00	5.000000e+00	-1.499969e+01	1.499969e-02
1.000000001108884e+00	5.000000e+00	-1.499969e+01	1.499969e-02
1.000000001254064e+00	5.000000e+00	-1.499969e+01	1.499970e-02
1.000000001753494e+00	5.000000e+00	-1.499970e+01	1.499970e-02
1.000000002093940e+00	5.000000e+00	-1.499970e+01	1.499970e-02
1.000000002589528e+00	5.000000e+00	-1.499970e+01	1.499970e-02
1.000000003159886e+00	5.000000e+00	-1.499970e+01	1.499970e-02
1.000000004068208e+00	5.000000e+00	-1.499971e+01	1.499971e-02
1.000000005433823e+00	5.000000e+00	-1.499971e+01	1.499971e-02
1.000000008165053e+00	5.000000e+00	-1.499973e+01	1.499973e-02
1.000000013627512e+00	5.000000e+00	-1.499975e+01	1.499975e-02
1.000000022115413e+00	5.000000e+00	-1.499978e+01	1.499978e-02
1.000000038281182e+00	5.000000e+00	-1.499982e+01	1.499982e-02
1.000000054712100e+00	5.000000e+00	-1.499985e+01	1.499985e-02
1.000000070156675e+00	5.000000e+00	-1.499986e+01	1.499986e-02
1.000000087540400e+00	5.000000e+00	-1.499986e+01	1.499986e-02
1.000000106312851e+00	5.000000e+00	-1.499986e+01	1.499986e-02
1.000000130828420e+00	5.000000e+00	-1.499986e+01	1.499986e-02
1.000000162237414e+00	5.000000e+00	-1.499986e+01	1.499986e-02
1.000000210354012e+00	5.000000e+00	-1.499986e+01	1.499986e-02
1.000000289445552e+00	5.000000e+00	-1.499986e+01	1.499986e-02
1.000000447628631e+00	5.000000e+00	-1.499986e+01	1.499986e-02
1.000000682346974e+00	5.000000e+00	-1.499986e+01	1.499986e-02
1.000001078704760e+00	5.000000e+00	-1.499986e+01	1.499986e-02
1.000001477289373e+00	5.000000e+00	-1.499986e+01	1.499986e-02
1.000002014148050e+00	5.000000e+00	-1.499986e+01	1.499986e-02
1.000002574695316e+00	5.000000e+00	-1.499986e+01	1.499986e-02
1.000004676862064e+00	5.000000e+00	-1.499986e+01	1.499986e-02
1.000006779028811e+00	5.000000e+00	-1.499986e+01	1.499986e-02
1.000008881195558e+00	5.000000e+00	-1.499986e+01	1.499986e-02
1.000010983362306e+00	5.000000e+00	-1.499986e+01	1.499986e-02
1.000013085529053e+00	5.000000e+00	-1.499986e+01	1.499986e-02
1.000015187695801e+00	5.000000e+00	-1.499986e+01	1.499986e-02
1.000017289862548e+00	5.000000e+00	-1.499986e+01	1.499986e-02
1.500000001000000e+00	4.999999e+00	-1.499986e+01	1.499986e-02
1.500000002000000e+00	0.000000e+00	-1.499987e+01	1.499987e-02
1.500000018000001e+00	0.000000e+00	-1.499987e+01	1.499987e-02
1.500000020692184e+00	0.000000e+00	-1.499987e+01	1.499987e-02
1.500000025234757e+00	0.000000e+00	-1.499986e+01	1.499986e-02
1.500000034319902e+00	0.000000e+00	-1.499986e+01	1.499986e-02
1.500000052490192e+00	0.000000e+00	-1.499986e+01	1.499986e-02
1.500000088830772e+00	0.000000e+00	-1.499986e+01	1.499986e-02
1.500000141718978e+00	0.000000e+00	-1.499986e+01	1.499986e-02
1.500000218098557e+00	0.000000e+00	-1.499986e+01	1.499986e-02
1.500000344677744e+00	0.000000e+00	-1.499986e+01	1.499986e-02
1.500000597836119e+00	0.000000e+00	-1.499986e+01	1.499986e-02
1.500000850191075e+00	0.000000e+00	-1.499986e+01	1.499986e-02
1.500001082684086e+00	0.000000e+00	-1.499986e+01	1.499986e-02
1.500001305863590e+00	0.000000e+00	-1.499986e+01	1.499986e-02
1.500001545667004e+00	0.000000e+00	-1.499986e+01	1.499986e-02
1.500001769190932e+00	0.000000e+00	-1.499986e+01	1.499986e-02
1.500001835081254e+00	0.000000e+00	-1.499987e+01	1.499987e-02
1.500001851978442e+00	0.000000e+00	-1.499987e+01	1.499987e-02
1.500001855094522e+00	0.000000e+00	-1.499987e+01	1.499987e-02
1.500001856035268e+00	0.000000e+00	-1.499987e+01	1.499987e-02
1.500001856312004e+00	0.000000e+00	-1.499987e+01	1.499987e-02
1.500001856526963e+00	0.000000e+00	-1.499987e+01	1.499987e-02
1.500001856753978e+00	0.000000e+00	-1.499987e+01	1.499987e-02
1.500001857054768e+00	0.000000e+00	-1.499987e+01	1.499987e-02
1.500001857342204e+00	0.000000e+00	-1.499987e+01	1.499987e-02
1.500001857753282e+00	0.000000e+00	-1.499987e+01	1.499987e-02
1.500001858235758e+00	0.000000e+00	-1.499987e+01	1.499987e-02
1.500001859050583e+00	0.000000e+00	-1.499987e+01	1.499987e-02
1.500001860375709e+00	0.000000e+00	-1.499987e+01	1.499987e-02
1.500001863025961e+00	0.000000e+00	-1.499987e+01	1.499987e-02
1.500001868326466e+00	0.000000e+00	-1.499987e+01	1.499987e-02
1.500002023325627e+00	0.000000e+00	-1.499987e+01	1.499987e-02
1.500002188658066e+00	0.000000e+00	-1.499987e+01	1.499987e-02
1.500002430860121e+00	0.000000e+00	-1.499987e+01	1.499987e-02
1.500002539816632e+00	0.000000e+00	-1.499986e+01	1.499986e-02
1.500002662231875e+00	0.000000e+00	-1.499986e+01	1.499986e-02
1.500002779802228e+00	0.000000e+00	-1.499986e+01	1.499986e-02
1.500002904216380e+00	0.000000e+00	-1.499986e+01	1.499986e-02
1.500003048770733e+00	0.000000e+00	-1.499986e+01	1.499986e-02
1.500003223345798e+00	0.000000e+00	-1.499986e+01	1.499986e-02
1.500003572495929e+00	0.000000e+00	-1.499986e+01	1.499986e-02
1.500004270796191e+00	0.000000e+00	-1.499986e+01	1.499986e-02
1.500005244286067e+00	0.000000e+00	-1.499986e+01	1.499986e-02
1.500007191265818e+00	0.000000e+00	-1.499986e+01	1.499986e-02
1.500011085225319e+00	0.000000e+00	-1.499986e+01	1.499986e-02
2.000000000000000e+00	0.000000e+00	-1.499986e+01	1.499986e-02
2.000000001000000e+00	5.000000e+00	-1.499969e+01	1.499969e-02
2.000000001108885e+00	5.000000e+00	-1.499969e+01	1.499969e-02
2.000000001254064e+00	5.000000e+00	-1.499969e+01	1.499970e-02
2.000000001753494e+00	5.000000e+00	-1.499970e+01	1.499970e-02
2.000000002093940e+00	5.000000e+00	-1.499970e+01	1.499970e-02
2.000000002589528e+00	5.000000e+00	-1.499970e+01	1.499970e-02
2.000000003159886e+00	5.000000e+00	-1.499970e+01	1.499970e-02
2.000000004068208e+00	5.000000e+00	-1.499971e+01	1.499971e-02
2.000000005433823e+00	5.000000e+00	-1.499971e+01	1.499971e-02
2.000000008165053e+00	5.000000e+00	-1.499973e+01	1.499973e-02
2.000000013627512e+00	5.000000e+00	-1.499975e+01	1.499975e-02
2.000000022115414e+00	5.000000e+00	-1.499978e+01	1.499978e-02
2.000000038281184e+00	5.000000e+00	-1.499982e+01	1.499982e-02
2.000000054712100e+00	5.000000e+00	-1.499985e+01	1.499985e-02
2.000000070156677e+00	5.000000e+00	-1.499986e+01	1.499986e-02
2.000000087540401e+00	5.000000e+00	-1.499986e+01	1.499986e-02
2.000000106312853e+00	5.000000e+00	-1.499986e+01	1.499986e-02
2.000000130828420e+00	5.000000e+00	-1.499986e+01	1.499986e-02
2.000000162237417e+00	5.000000e+00	-1.499986e+01	1.499986e-02
2.000000210354012e+00	5.000000e+00	-1.499986e+01	1.499986e-02
2.000000289445560e+00	5.000000e+00	-1.499986e+01	1.499986e-02
2.000000447628657e+00	5.000000e+00	-1.499986e+01	1.499986e-02
2.000000682347003e+00	5.000000e+00	-1.499986e+01	1.499986e-02
2.000001078704803e+00	5.000000e+00	-1.499986e+01	1.499986e-02
2.000001477289417e+00	5.000000e+00	-1.499986e+01	1.499986e-02
2.000002014148107e+00	5.000000e+00	-1.499986e+01	1.499986e-02
2.000002574695379e+00	5.000000e+00	-1.499986e+01	1.499986e-02
2.000004676862217e+00	5.000000e+00	-1.499986e+01	1.499986e-02
2.000006779029055e+00	5.000000e+00	-1.499986e+01	1.499986e-02
2.000008881195892e+00	5.000000e+00	-1.499986e+01	1.499986e-02
2.000010983362730e+00	5.000000e+00	-1.499986e+01	1.499986e-02
2.000013085529568e+00	5.000000e+00	-1.499986e+01	1.499986e-02
2.000015187696406e+00	5.000000e+00	-1.499986e+01	1.499986e-02
2.000017289863244e+00	5.000000e+00	-1.499986e+01	1.499986e-02
2.500000001000000e+00	5.000000e+00	-1.499986e+01	1.499986e-02
2.500000002000000e+00	0.000000e+00	-1.499987e+01	1.499987e-02
2.500000018000001e+00	0.000000e+00	-1.499987e+01	1.499987e-02
2.500000020692184e+00	0.000000e+00	-1.499987e+01	1.499987e-02
2.500000025234757e+00	0.000000e+00	-1.499986e+01	1.499986e-02
2.500000034319902e+00	0.000000e+00	-1.499986e+01	1.499986e-02
2.500000052490192e+00	0.000000e+00	-1.499986e+01	1.499986e-02
2.500000088830773e+00	0.000000e+00	-1.499986e+01	1.499986e-02
2.500000141718978e+00	0.000000e+00	-1.499986e+01	1.499986e-02
2.500000218098555e+00	0.000000e+00	-1.499986e+01	1.499986e-02
2.500000344677752e+00	0.000000e+00	-1.499986e+01	1.499986e-02
2.500000597836145e+00	0.000000e+00	-1.499986e+01	1.499986e-02
2.500000850191104e+00	0.000000e+00	-1.499986e+01	1.499986e-02
2.500001082684113e+00	0.000000e+00	-1.499986e+01	1.499986e-02
2.500001305863616e+00	0.000000e+00	-1.499986e+01	1.499986e-02
2.500001545667029e+00	0.000000e+00	-1.499986e+01	1.499986e-02
2.500001769190956e+00	0.000000e+00	-1.499986e+01	1.499986e-02
2.500001835081274e+00	0.000000e+00	-1.499987e+01	1.499987e-02
2.500001851978463e+00	0.000000e+00	-1.499987e+01	1.499987e-02
2.500001855094542e+00	0.000000e+00	-1.499987e+01	1.499987e-02
2.500001856035289e+00	0.000000e+00	-1.499987e+01	1.499987e-02
2.500001856312024e+00	0.000000e+00	-1.499987e+01	1.499987e-02
2.500001856526984e+00	0.000000e+00	-1.499987e+01	1.499987e-02
2.500001856753999e+00	0.000000e+00	-1.499987e+01	1.499987e-02
2.500001857054789e+00	0.000000e+00	-1.499987e+01	1.499987e-02
2.500001857342225e+00	0.000000e+00	-1.499987e+01	1.499987e-02
2.500001857753303e+00	0.000000e+00	-1.499987e+01	1.499987e-02
2.500001858235779e+00	0.000000e+00	-1.499987e+01	1.499987e-02
2.500001859050604e+00	0.000000e+00	-1.499987e+01	1.499987e-02
2.500001860375731e+00	0.000000e+00	-1.499987e+01	1.499987e-02
2.500001863025985e+00	0.000000e+00	-1.499987e+01	1.499987e-02
2.500001868326493e+00	0.000000e+00	-1.499987e+01	1.499987e-02
2.500002023325782e+00	0.000000e+00	-1.499987e+01	1.499987e-02
2.500002188658356e+00	0.000000e+00	-1.499987e+01	1.499987e-02
2.500002430859400e+00	0.000000e+00	-1.499987e+01	1.499987e-02
2.500002539815855e+00	0.000000e+00	-1.499986e+01	1.499986e-02
2.500002662230693e+00	0.000000e+00	-1.499986e+01	1.499986e-02
2.500002779800729e+00	0.000000e+00	-1.499986e+01	1.499986e-02
2.500002904214653e+00	0.000000e+00	-1.499986e+01	1.499986e-02
2.500003048768725e+00	0.000000e+00	-1.499986e+01	1.499986e-02
2.500003223343206e+00	0.000000e+00	-1.499986e+01	1.499986e-02
2.500003572492169e+00	0.000000e+00	-1.499986e+01	1.499986e-02
2.500004270790095e+00	0.000000e+00	-1.499986e+01	1.499986e-02
2.500005244273765e+00	0.000000e+00	-1.499986e+01	1.499986e-02
2.500007191241105e+00	0.000000e+00	-1.499986e+01	1.499986e-02
2.500011085175785e+00	0.000000e+00	-1.499986e+01	1.499986e-02
3.000000000000000e+00	0.000000e+00	-1.499986e+01	1.499986e-02
3.000000001000000e+00	5.000000e+00	-1.499969e+01	1.499969e-02
3.000000001108885e+00	5.000000e+00	-1.499969e+01	1.499969e-02
3.000000001254064e+00	5.000000e+00	-1.499969e+01	1.499970e-02
3.000000001753494e+00	5.000000e+00	-1.499970e+01	1.499970e-02
3.000000002093940e+00	5.000000e+00	-1.499970e+01	1.499970e-02
3.000000002589528e+00	5.000000e+00	-1.499970e+01	1.499970e-02
3.000000003159886e+00	5.000000e+00	-1.499970e+01	1.499970e-02
3.000000004068208e+00	5.000000e+00	-1.499971e+01	1.499971e-02
3.000000005433823e+00	5.000000e+00	-1.499971e+01	1.499971e-02
3.000000008165053e+00	5.000000e+00	-1.499973e+01	1.499973e-02
3.000000013627512e+00	5.000000e+00	-1.499975e+01	1.499975e-02
3.000000022115413e+00	5.000000e+00	-1.499978e+01	1.499978e-02
3.000000038281183e+00	5.000000e+00	-1.499982e+01	1.499982e-02
3.000000054712099e+00	5.000000e+00	-1.499985e+01	1.499985e-02
3.000000070156676e+00	5.000000e+00	-1.499986e+01	1.499986e-02
3.000000087540399e+00	5.000000e+00	-1.499986e+01	1.499986e-02
3.000000106312852e+00	5.000000e+00	-1.499986e+01	1.499986e-02
3.000000130828419e+00	5.000000e+00	-1.499986e+01	1.499986e-02
3.000000162237415e+00	5.000000e+00	-1.499986e+01	1.499986e-02
3.000000210354010e+00	5.000000e+00	-1.499986e+01	1.499986e-02
3.000000289445556e+00	5.000000e+00	-1.499986e+01	1.499986e-02
3.000000447628647e+00	5.000000e+00	-1.499986e+01	1.499986e-02
3.000000682346990e+00	5.000000e+00	-1.499986e+01	1.499986e-02
3.000001078704787e+00	5.000000e+00	-1.499986e+01	1.499986e-02
3.000001477289399e+00	5.000000e+00	-1.499986e+01	1.499986e-02
3.000002014148086e+00	5.000000e+00	-1.499986e+01	1.499986e-02
3.000002574695353e+00	5.000000e+00	-1.499986e+01	1.499986e-02
3.000004676862154e+00	5.000000e+00	-1.499986e+01	1.499986e-02
3.000006779028955e+00	5.000000e+00	-1.499986e+01	1.499986e-02
3.000008881195756e+00	5.000000e+00	-1.499986e+01	1.499986e-02
3.000010983362556e+00	5.000000e+00	-1.499986e+01	1.499986e-02
3.000013085529357e+00	5.000000e+00	-1.499986e+01	1.499986e-02
3.000015187696158e+00	5.000000e+00	-1.499986e+01	1.499986e-02
3.000017289862959e+00	5.000000e+00	-1.499986e+01	1.499986e-02
3.500000001000000e+00	5.000000e+00	-1.499986e+01	1.499986e-02
3.500000002000000e+00	0.000000e+00	-1.499987e+01	1.499987e-02
3.500000018000001e+00	0.000000e+00	-1.499987e+01	1.499987e-02
3.500000020692184e+00	0.000000e+00	-1.499987e+01	1.499987e-02
3.500000025234757e+00	0.000000e+00	-1.499986e+01	1.499986e-02
3.500000034319902e+00	0.000000e+00	-1.499986e+01	1.499986e-02
3.500000052490192e+00	0.000000e+00	-1.499986e+01	1.499986e-02
3.500000088830773e+00	0.000000e+00	-1.499986e+01	1.499986e-02
3.500000141718973e+00	0.000000e+00	-1.499986e+01	1.499986e-02
3.500000218098557e+00	0.000000e+00	-1.499986e+01	1.499986e-02
3.500000344677740e+00	0.000000e+00	-1.499986e+01	1.499986e-02
3.500000597836106e+00	0.000000e+00	-1.499986e+01	1.499986e-02
3.500000850191061e+00	0.000000e+00	-1.499986e+01	1.499986e-02
3.500001082684073e+00	0.000000e+00	-1.499986e+01	1.499986e-02
3.500001305863577e+00	0.000000e+00	-1.499986e+01	1.499986e-02
3.500001545666992e+00	0.000000e+00	-1.499986e+01	1.499986e-02
3.500001769190920e+00	0.000000e+00	-1.499986e+01	1.499986e-02
3.500001835081244e+00	0.000000e+00	-1.499987e+01	1.499987e-02
3.500001851978432e+00	0.000000e+00	-1.499987e+01	1.499987e-02
3.500001855094513e+00	0.000000e+00	-1.499987e+01	1.499987e-02
3.500001856035259e+00	0.000000e+00	-1.499987e+01	1.499987e-02
3.500001856311994e+00	0.000000e+00	-1.499987e+01	1.499987e-02
3.500001856526954e+00	0.000000e+00	-1.499987e+01	1.499987e-02
3.500001856753969e+00	0.000000e+00	-1.499987e+01	1.499987e-02
3.500001857054759e+00	0.000000e+00	-1.499987e+01	1.499987e-02
3.500001857342195e+00	0.000000e+00	-1.499987e+01	1.499987e-02
3.500001857753273e+00	0.000000e+00	-1.499987e+01	1.499987e-02
3.500001858235749e+00	0.000000e+00	-1.499987e+01	1.499987e-02
3.500001859050574e+00	0.000000e+00	-1.499987e+01	1.499987e-02
3.500001860375700e+00	0.000000e+00	-1.499987e+01	1.499987e-02
3.500001863025951e+00	0.000000e+00	-1.499987e+01	1.499987e-02
3.500001868326454e+00	0.000000e+00	-1.499987e+01	1.499987e-02
3.500002023325549e+00	0.000000e+00	-1.499987e+01	1.499987e-02
3.500002188657918e+00	0.000000e+00	-1.499987e+01	1.499987e-02
3.500002430860495e+00	0.000000e+00	-1.499987e+01	1.499987e-02
3.500002539817035e+00	0.000000e+00	-1.499986e+01	1.499986e-02
3.500002662232486e+00	0.000000e+00	-1.499986e+01	1.499986e-02
3.500002779803003e+00	0.000000e+00	-1.499986e+01	1.499986e-02
3.500002904217273e+00	0.000000e+00	-1.499986e+01	1.499986e-02
3.500003048771771e+00	0.000000e+00	-1.499986e+01	1.499986e-02
3.500003223347138e+00	0.000000e+00	-1.499986e+01	1.499986e-02
3.500003572497871e+00	0.000000e+00	-1.499986e+01	1.499986e-02
3.500004270799339e+00	0.000000e+00	-1.499986e+01	1.499986e-02
3.500005244292416e+00	0.000000e+00	-1.499986e+01	1.499986e-02
3.500007191278572e+00	0.000000e+00	-1.499986e+01	1.499986e-02
3.500011085250882e+00	0.000000e+00	-1.499986e+01	1.499986e-02
4.000000000000000e+00	0.000000e+00	-1.499986e+01	1.499986e-02
4.000000001000000e+00	5.000000e+00	-1.499969e+01	1.499969e-02
4.000000001108885e+00	5.000000e+00	-1.499969e+01	1.499969e-02
4.000000001254064e+00	5.000000e+00	-1.499969e+01	1.499970e-02
4.000000001753493e+00	5.000000e+00	-1.499970e+01	1.499970e-02
4.000000002093939e+00	5.000000e+00	-1.499970e+01	1.499970e-02
4.000000002589528e+00	5.000000e+00	-1.499970e+01	1.499970e-02
4.000000003159886e+00	5.000000e+00	-1.499970e+01	1.499970e-02
4.000000004068208e+00	5.000000e+00	-1.499971e+01	1.499971e-02
4.000000005433823e+00	5.000000e+00	-1.499971e+01	1.499971e-02
4.000000008165053e+00	5.000000e+00	-1.499973e+01	1.499973e-02
4.000000013627512e+00	5.000000e+00	-1.499975e+01	1.499975e-02
4.000000022115414e+00	5.000000e+00	-1.499978e+01	1.499978e-02
4.000000038281184e+00	5.000000e+00	-1.499982e+01	1.499982e-02
4.000000054712100e+00	5.000000e+00	-1.499985e+01	1.499985e-02
4.000000070156676e+00	5.000000e+00	-1.499986e+01	1.499986e-02
4.000000087540400e+00	5.000000e+00	-1.499986e+01	1.499986e-02
4.000000106312853e+00	5.000000e+00	-1.499986e+01	1.499986e-02
4.000000130828420e+00	5.000000e+00	-1.499986e+01	1.499986e-02
4.000000162237416e+00	5.000000e+00	-1.499986e+01	1.499986e-02
4.000000210354012e+00	5.000000e+00	-1.499986e+01	1.499986e-02
4.000000289445557e+00	5.000000e+00	-1.499986e+01	1.499986e-02
4.000000447628648e+00	5.000000e+00	-1.499986e+01	1.499986e-02
4.000000682346992e+00	5.000000e+00	-1.499986e+01	1.499986e-02
4.000001078704788e+00	5.000000e+00	-1.499986e+01	1.499986e-02
4.000001477289401e+00	5.000000e+00	-1.499986e+01	1.499986e-02
4.000002014148087e+00	5.000000e+00	-1.499986e+01	1.499986e-02
4.000002574695356e+00	5.000000e+00	-1.499986e+01	1.499986e-02
4.000004676862157e+00	5.000000e+00	-1.499986e+01	1.499986e-02
4.000006779028959e+00	5.000000e+00	-1.499986e+01	1.499986e-02
4.000008881195760e+00	5.000000e+00	-1.499986e+01	1.499986e-02
4.000010983362561e+00	5.000000e+00	-1.499986e+01	1.499986e-02
4.000013085529362e+00	5.000000e+00	-1.499986e+01	1.499986e-02
4.000015187696164e+00	5.000000e+00	-1.499986e+01	1.499986e-02
4.000017289862965e+00	5.000000e+00	-1.499986e+01	1.499986e-02
4.500000001000000e+00	5.000000e+00	-1.499986e+01	1.499986e-02
4.500000002000000e+00	0.000000e+00	-1.499987e+01	1.499987e-02
4.500000018000001e+00	0.000000e+00	-1.499987e+01	1.499987e-02
4.500000020692184e+00	0.000000e+00	-1.499987e+01	1.499987e-02
4.500000025234757e+00	0.000000e+00	-1.499986e+01	1.499986e-02
4.500000034319902e+00	0.000000e+00	-1.499986e+01	1.499986e-02
4.500000052490192e+00	0.000000e+00	-1.499986e+01	1.499986e-02
4.500000088830772e+00	0.000000e+00	-1.499986e+01	1.499986e-02
4.500000141718971e+00	0.000000e+00	-1.499986e+01	1.499986e-02
4.500000218098557e+00	0.000000e+00	-1.499986e+01	1.499986e-02
4.500000344677733e+00	0.000000e+00	-1.499986e+01	1.499986e-02
4.500000597836085e+00	0.000000e+00	-1.499986e+01	1.499986e-02
4.500000850191037e+00	0.000000e+00	-1.499986e+01	1.499986e-02
4.500001082684050e+00	0.000000e+00	-1.499986e+01	1.499986e-02
4.500001305863555e+00	0.000000e+00	-1.499986e+01	1.499986e-02
4.500001545666972e+00	0.000000e+00	-1.499986e+01	1.499986e-02
4.500001769190900e+00	0.000000e+00	-1.499986e+01	1.499986e-02
4.500001835081228e+00	0.000000e+00	-1.499987e+01	1.499987e-02
4.500001851978416e+00	0.000000e+00	-1.499987e+01	1.499987e-02
4.500001855094497e+00	0.000000e+00	-1.499987e+01	1.499987e-02
4.500001856035243e+00	0.000000e+00	-1.499987e+01	1.499987e-02
4.500001856311978e+00	0.000000e+00	-1.499987e+01	1.499987e-02
4.500001856526938e+00	0.000000e+00	-1.499987e+01	1.499987e-02
4.500001856753951e+00	0.000000e+00	-1.499987e+01	1.499987e-02
4.500001857054741e+00	0.000000e+00	-1.499987e+01	1.499987e-02
4.500001857342177e+00	0.000000e+00	-1.499987e+01	1.499987e-02
4.500001857753254e+00	0.000000e+00	-1.499987e+01	1.499987e-02
4.500001858235731e+00	0.000000e+00	-1.499987e+01	1.499987e-02
4.500001859050555e+00	0.000000e+00	-1.499987e+01	1.499987e-02
4.500001860375680e+00	0.000000e+00	-1.499987e+01	1.499987e-02
4.500001863025930e+00	0.000000e+00	-1.499987e+01	1.499987e-02
4.500001868326430e+00	0.000000e+00	-1.499987e+01	1.499987e-02
4.500002023325417e+00	0.000000e+00	-1.499987e+01	1.499987e-02
4.500002188657668e+00	0.000000e+00	-1.499987e+01	1.499987e-02
4.500002430861114e+00	0.000000e+00	-1.499987e+01	1.499987e-02
4.500002539817703e+00	0.000000e+00	-1.499986e+01	1.499986e-02
4.500002662233501e+00	0.000000e+00	-1.499986e+01	1.499986e-02
4.500002779804291e+00	0.000000e+00	-1.499986e+01	1.499986e-02
4.500002904218756e+00	0.000000e+00	-1.499986e+01	1.499986e-02
4.500003048773495e+00	0.000000e+00	-1.499986e+01	1.499986e-02
4.500003223349363e+00	0.000000e+00	-1.499986e+01	1.499986e-02
4.500003572501101e+00	0.000000e+00	-1.499986e+01	1.499986e-02
4.500004270804576e+00	0.000000e+00	-1.499986e+01	1.499986e-02
4.500005244302987e+00	0.000000e+00	-1.499986e+01	1.499986e-02
4.500007191299807e+00	0.000000e+00	-1.499986e+01	1.499986e-02
4.500011085293449e+00	0.000000e+00	-1.499986e+01	1.499986e-02
4.955406220264424e+00	0.000000e+00	-1.499986e+01	1.499986e-02
5.000000000000000e+00	0.000000e+00	-1.499986e+01	1.499986e-02
5.000000001000000e+00	5.000000e+00	-1.499969e+01	1.499969e-02
5.000000001108885e+00	5.000000e+00	-1.499969e+01	1.499969e-02
5.000000001254064e+00	5.000000e+00	-1.499969e+01	1.499970e-02
5.000000001753493e+00	5.000000e+00	-1.499970e+01	1.499970e-02
5.000000002093939e+00	5.000000e+00	-1.499970e+01	1.499970e-02
5.000000002589528e+00	5.000000e+00	-1.499970e+01	1.499970e-02
5.000000003159886e+00	5.000000e+00	-1.499970e+01	1.499970e-02
5.000000004068208e+00	5.000000e+00	-1.499971e+01	1.499971e-02
5.000000005433823e+00	5.000000e+00	-1.499971e+01	1.499971e-02
5.000000008165053e+00	5.000000e+00	-1.499973e+01	1.499973e-02
5.000000013627512e+00	5.000000e+00	-1.499975e+01	1.499975e-02
5.000000022115414e+00	5.000000e+00	-1.499978e+01	1.499978e-02
5.000000038281183e+00	5.000000e+00	-1.499982e+01	1.499982e-02
5.000000054712099e+00	5.000000e+00	-1.499985e+01	1.499985e-02
5.000000070156675e+00	5.000000e+00	-1.499986e+01	1.499986e-02
5.000000087540399e+00	5.000000e+00	-1.499986e+01	1.499986e-02
5.000000106312851e+00	5.000000e+00	-1.499986e+01	1.499986e-02
5.000000130828417e+00	5.000000e+00	-1.499986e+01	1.499986e-02
5.000000162237414e+00	5.000000e+00	-1.499986e+01	1.499986e-02
5.000000210354008e+00	5.000000e+00	-1.499986e+01	1.499986e-02
5.000000289445550e+00	5.000000e+00	-1.499986e+01	1.499986e-02
5.000000447628635e+00	5.000000e+00	-1.499986e+01	1.499986e-02
5.000000682346975e+00	5.000000e+00	-1.499986e+01	1.499986e-02
5.000001078704767e+00	5.000000e+00	-1.499986e+01	1.499986e-02
5.000001477289378e+00	5.000000e+00	-1.499986e+01	1.499986e-02
5.000002014148059e+00	5.000000e+00	-1.499986e+01	1.499986e-02
5.000002574695324e+00	5.000000e+00	-1.499986e+01	1.499986e-02
5.000004676862086e+00	5.000000e+00	-1.499986e+01	1.499986e-02
5.000006779028848e+00	5.000000e+00	-1.499986e+01	1.499986e-02
5.000008881195610e+00	5.000000e+00	-1.499986e+01	1.499986e-02
5.000010983362372e+00	5.000000e+00	-1.499986e+01	1.499986e-02
5.000013085529133e+00	5.000000e+00	-1.499986e+01	1.499986e-02
5.000015187695896e+00	5.000000e+00	-1.499986e+01	1.499986e-02
5.000017289862657e+00	5.000000e+00	-1.499986e+01	1.499986e-02
5.500000001000000e+00	5.000000e+00	-1.499986e+01	1.499986e-02
5.500000002000000e+00	0.000000e+00	-1.499987e+01	1.499987e-02
5.500000018000001e+00	0.000000e+00	-1.499987e+01	1.499987e-02
5.500000020692184e+00	0.000000e+00	-1.499987e+01	1.499987e-02
5.500000025234757e+00	0.000000e+00	-1.499986e+01	1.499986e-02
5.500000034319902e+00	0.000000e+00	-1.499986e+01	1.499986e-02
5.500000052490192e+00	0.000000e+00	-1.499986e+01	1.499986e-02
5.500000088830772e+00	0.000000e+00	-1.499986e+01	1.499986e-02
5.500000141718974e+00	0.000000e+00	-1.499986e+01	1.499986e-02
5.500000218098556e+00	0.000000e+00	-1.499986e+01	1.499986e-02
5.500000344677739e+00	0.000000e+00	-1.499986e+01	1.499986e-02
5.500000597836104e+00	0.000000e+00	-1.499986e+01	1.499986e-02
5.500000850191059e+00	0.000000e+00	-1.499986e+01	1.499986e-02
5.500001082684071e+00	0.000000e+00	-1.499986e+01	1.499986e-02
5.500001305863575e+00	0.000000e+00	-1.499986e+01	1.499986e-02
5.500001545666991e+00	0.000000e+00	-1.499986e+01	1.499986e-02
5.500001769190918e+00	0.000000e+00	-1.499986e+01	1.499986e-02
5.500001835081243e+00	0.000000e+00	-1.499987e+01	1.499987e-02
5.500001851978431e+00	0.000000e+00	-1.499987e+01	1.499987e-02
5.500001855094512e+00	0.000000e+00	-1.499987e+01	1.499987e-02
5.500001856035258e+00	0.000000e+00	-1.499987e+01	1.499987e-02
5.500001856311993e+00	0.000000e+00	-1.499987e+01	1.499987e-02
5.500001856526953e+00	0.000000e+00	-1.499987e+01	1.499987e-02
5.500001856753967e+00	0.000000e+00	-1.499987e+01	1.499987e-02
5.500001857054757e+00	0.000000e+00	-1.499987e+01	1.499987e-02
5.500001857342194e+00	0.000000e+00	-1.499987e+01	1.499987e-02
5.500001857753271e+00	0.000000e+00	-1.499987e+01	1.499987e-02
5.500001858235747e+00	0.000000e+00	-1.499987e+01	1.499987e-02
5.500001859050572e+00	0.000000e+00	-1.499987e+01	1.499987e-02
5.500001860375698e+00	0.000000e+00	-1.499987e+01	1.499987e-02
5.500001863025950e+00	0.000000e+00	-1.499987e+01	1.499987e-02
5.500001868326453e+00	0.000000e+00	-1.499987e+01	1.499987e-02
5.500002023325544e+00	0.000000e+00	-1.499987e+01	1.499987e-02
5.500002188657909e+00	0.000000e+00	-1.499987e+01	1.499987e-02
5.500002430860515e+00	0.000000e+00	-1.499987e+01	1.499987e-02
5.500002539817056e+00	0.000000e+00	-1.499986e+01	1.499986e-02
5.500002662232519e+00	0.000000e+00	-1.499986e+01	1.499986e-02
5.500002779803045e+00	0.000000e+00	-1.499986e+01	1.499986e-02
5.500002904217321e+00	0.000000e+00	-1.499986e+01	1.499986e-02
5.500003048771826e+00	0.000000e+00	-1.499986e+01	1.499986e-02
5.500003223347210e+00	0.000000e+00	-1.499986e+01	1.499986e-02
5.500003572497977e+00	0.000000e+00	-1.499986e+01	1.499986e-02
5.500004270799510e+00	0.000000e+00	-1.499986e+01	1.499986e-02
5.500005244292762e+00	0.000000e+00	-1.499986e+01	1.499986e-02
5.500007191279267e+00	0.000000e+00	-1.499986e+01	1.499986e-02
5.500011085252278e+00	0.000000e+00	-1.499986e+01	1.499986e-02
6.000000000000000e+00	0.000000e+00	-1.499986e+01	1.499986e-02
6.000000001000000e+00	5.000000e+00	-1.499969e+01	1.499969e-02
6.000000001108885e+00	5.000000e+00	-1.499969e+01	1.499969e-02
6.000000001254064e+00	5.000000e+00	-1.499969e+01	1.499970e-02
6.000000001753493e+00	5.000000e+00	-1.499970e+01	1.499970e-02
6.000000002093939e+00	5.000000e+00	-1.499970e+01	1.499970e-02
6.000000002589528e+00	5.000000e+00	-1.499970e+01	1.499970e-02
6.000000003159886e+00	5.000000e+00	-1.499970e+01	1.499970e-02
6.000000004068208e+00	5.000000e+00	-1.499971e+01	1.499971e-02
6.000000005433823e+00	5.000000e+00	-1.499971e+01	1.499971e-02
6.000000008165053e+00	5.000000e+00	-1.499973e+01	1.499973e-02
6.000000013627512e+00	5.000000e+00	-1.499975e+01	1.499975e-02
6.000000022115414e+00	5.000000e+00	-1.499978e+01	1.499978e-02
6.000000038281183e+00	5.000000e+00	-1.499982e+01	1.499982e-02
6.000000054712100e+00	5.000000e+00	-1.499985e+01	1.499985e-02
6.000000070156676e+00	5.000000e+00	-1.499986e+01	1.499986e-02
6.000000087540401e+00	5.000000e+00	-1.499986e+01	1.499986e-02
6.000000106312853e+00	5.000000e+00	-1.499986e+01	1.499986e-02
6.000000130828421e+00	5.000000e+00	-1.499986e+01	1.499986e-02
6.000000162237416e+00	5.000000e+00	-1.499986e+01	1.499986e-02
6.000000210354012e+00	5.000000e+00	-1.499986e+01	1.499986e-02
6.000000289445559e+00	5.000000e+00	-1.499986e+01	1.499986e-02
6.000000447628651e+00	5.000000e+00	-1.499986e+01	1.499986e-02
6.000000682346996e+00	5.000000e+00	-1.499986e+01	1.499986e-02
6.000001078704793e+00	5.000000e+00	-1.499986e+01	1.499986e-02
6.000001477289406e+00	5.000000e+00	-1.499986e+01	1.499986e-02
6.000002014148094e+00	5.000000e+00	-1.499986e+01	1.499986e-02
6.000002574695363e+00	5.000000e+00	-1.499986e+01	1.499986e-02
6.000004676862176e+00	5.000000e+00	-1.499986e+01	1.499986e-02
6.000006779028990e+00	5.000000e+00	-1.499986e+01	1.499986e-02
6.000008881195803e+00	5.000000e+00	-1.499986e+01	1.499986e-02
6.000010983362616e+00	5.000000e+00	-1.499986e+01	1.499986e-02
6.000013085529429e+00	5.000000e+00	-1.499986e+01	1.499986e-02
6.000015187696243e+00	5.000000e+00	-1.499986e+01	1.499986e-02
6.000017289863056e+00	5.000000e+00	-1.499986e+01	1.499986e-02
6.500000001000000e+00	5.000000e+00	-1.499986e+01	1.499986e-02
6.500000002000000e+00	0.000000e+00	-1.499987e+01	1.499987e-02
6.500000018000001e+00	0.000000e+00	-1.499987e+01	1.499987e-02
6.500000020692184e+00	0.000000e+00	-1.499987e+01	1.499987e-02
6.500000025234757e+00	0.000000e+00	-1.499986e+01	1.499986e-02
6.500000034319902e+00	0.000000e+00	-1.499986e+01	1.499986e-02
6.500000052490192e+00	0.000000e+00	-1.499986e+01	1.499986e-02
6.500000088830772e+00	0.000000e+00	-1.499986e+01	1.499986e-02
6.500000141718975e+00	0.000000e+00	-1.499986e+01	1.499986e-02
6.500000218098560e+00	0.000000e+00	-1.499986e+01	1.499986e-02
6.500000344677738e+00	0.000000e+00	-1.499986e+01	1.499986e-02
6.500000597836095e+00	0.000000e+00	-1.499986e+01	1.499986e-02
6.500000850191048e+00	0.000000e+00	-1.499986e+01	1.499986e-02
6.500001082684061e+00	0.000000e+00	-1.499986e+01	1.499986e-02
6.500001305863565e+00	0.000000e+00	-1.499986e+01	1.499986e-02
6.500001545666981e+00	0.000000e+00	-1.499986e+01	1.499986e-02
6.500001769190908e+00	0.000000e+00	-1.499986e+01	1.499986e-02
6.500001835081235e+00	0.000000e+00	-1.499987e+01	1.499987e-02
6.500001851978423e+00	0.000000e+00	-1.499987e+01	1.499987e-02
6.500001855094504e+00	0.000000e+00	-1.499987e+01	1.499987e-02
6.500001856035250e+00	0.000000e+00	-1.499987e+01	1.499987e-02
6.500001856311985e+00	0.000000e+00	-1.499987e+01	1.499987e-02
6.500001856526945e+00	0.000000e+00	-1.499987e+01	1.499987e-02
6.500001856753959e+00	0.000000e+00	-1.499987e+01	1.499987e-02
6.500001857054748e+00	0.000000e+00	-1.499987e+01	1.499987e-02
6.500001857342185e+00	0.000000e+00	-1.499987e+01	1.499987e-02
6.500001857753262e+00	0.000000e+00	-1.499987e+01	1.499987e-02
6.500001858235739e+00	0.000000e+00	-1.499987e+01	1.499987e-02
6.500001859050563e+00	0.000000e+00	-1.499987e+01	1.499987e-02
6.500001860375689e+00	0.000000e+00	-1.499987e+01	1.499987e-02
6.500001863025940e+00	0.000000e+00	-1.499987e+01	1.499987e-02
6.500001868326441e+00	0.000000e+00	-1.499987e+01	1.499987e-02
6.500002023325488e+00	0.000000e+00	-1.499987e+01	1.499987e-02
6.500002188657803e+00	0.000000e+00	-1.499987e+01	1.499987e-02
6.500002430860770e+00	0.000000e+00	-1.499987e+01	1.499987e-02
6.500002539817332e+00	0.000000e+00	-1.499986e+01	1.499986e-02
6.500002662232938e+00	0.000000e+00	-1.499986e+01	1.499986e-02
6.500002779803578e+00	0.000000e+00	-1.499986e+01	1.499986e-02
6.500002904217935e+00	0.000000e+00	-1.499986e+01	1.499986e-02
6.500003048772540e+00	0.000000e+00	-1.499986e+01	1.499986e-02
6.500003223348132e+00	0.000000e+00	-1.499986e+01	1.499986e-02
6.500003572499314e+00	0.000000e+00	-1.499986e+01	1.499986e-02
6.500004270801679e+00	0.000000e+00	-1.499986e+01	1.499986e-02
6.500005244297140e+00	0.000000e+00	-1.499986e+01	1.499986e-02
6.500007191288061e+00	0.000000e+00	-1.499986e+01	1.499986e-02
6.500011085269904e+00	0.000000e+00	-1.499986e+01	1.499986e-02
7.000000000000000e+00	0.000000e+00	-1.499986e+01	1.499986e-02
7.000000001000000e+00	5.000000e+00	-1.499969e+01	1.499969e-02
7.000000001108885e+00	5.000000e+00	-1.499969e+01	1.499969e-02
7.000000001254064e+00	5.000000e+00	-1.499969e+01	1.499970e-02
7.000000001753493e+00	5.000000e+00	-1.499970e+01	1.499970e-02
7.000000002093939e+00	5.000000e+00	-1.499970e+01	1.499970e-02
7.000000002589528e+00	5.000000e+00	-1.499970e+01	1.499970e-02
7.000000003159886e+00	5.000000e+00	-1.499970e+01	1.499970e-02
7.000000004068208e+00	5.000000e+00	-1.499971e+01	1.499971e-02
7.000000005433823e+00	5.000000e+00	-1.499971e+01	1.499971e-02
7.000000008165053e+00	5.000000e+00	-1.499973e+01	1.499973e-02
7.000000013627512e+00	5.000000e+00	-1.499975e+01	1.499975e-02
7.000000022115414e+00	5.000000e+00	-1.499978e+01	1.499978e-02
7.000000038281184e+00	5.000000e+00	-1.499982e+01	1.499982e-02
7.000000054712101e+00	5.000000e+00	-1.499985e+01	1.499985e-02
7.000000070156677e+00	5.000000e+00	-1.499986e+01	1.499986e-02
7.000000087540402e+00	5.000000e+00	-1.499986e+01	1.499986e-02
7.000000106312854e+00	5.000000e+00	-1.499986e+01	1.499986e-02
7.000000130828422e+00	5.000000e+00	-1.499986e+01	1.499986e-02
7.000000162237418e+00	5.000000e+00	-1.499986e+01	1.499986e-02
7.000000210354015e+00	5.000000e+00	-1.499986e+01	1.499986e-02
7.000000289445563e+00	5.000000e+00	-1.499986e+01	1.499986e-02
7.000000447628659e+00	5.000000e+00	-1.499986e+01	1.499986e-02
7.000000682347006e+00	5.000000e+00	-1.499986e+01	1.499986e-02
7.000001078704804e+00	5.000000e+00	-1.499986e+01	1.499986e-02
7.000001477289420e+00	5.000000e+00	-1.499986e+01	1.499986e-02
7.000002014148109e+00	5.000000e+00	-1.499986e+01	1.499986e-02
7.000002574695381e+00	5.000000e+00	-1.499986e+01	1.499986e-02
7.000004676862219e+00	5.000000e+00	-1.499986e+01	1.499986e-02
7.000006779029057e+00	5.000000e+00	-1.499986e+01	1.499986e-02
7.000008881195895e+00	5.000000e+00	-1.499986e+01	1.499986e-02
7.000010983362734e+00	5.000000e+00	-1.499986e+01	1.499986e-02
7.000013085529572e+00	5.000000e+00	-1.499986e+01	1.499986e-02
7.000015187696410e+00	5.000000e+00	-1.499986e+01	1.499986e-02
7.000017289863248e+00	5.000000e+00	-1.499986e+01	1.499986e-02
7.500000001000000e+00	5.000000e+00	-1.499986e+01	1.499986e-02
7.500000002000000e+00	0.000000e+00	-1.499987e+01	1.499987e-02
7.500000018000001e+00	0.000000e+00	-1.499987e+01	1.499987e-02
7.500000020692184e+00	0.000000e+00	-1.499987e+01	1.499987e-02
7.500000025234757e+00	0.000000e+00	-1.499986e+01	1.499986e-02
7.500000034319902e+00	0.000000e+00	-1.499986e+01	1.499986e-02
7.500000052490192e+00	0.000000e+00	-1.499986e+01	1.499986e-02
7.500000088830772e+00	0.000000e+00	-1.499986e+01	1.499986e-02
7.500000141718976e+00	0.000000e+00	-1.499986e+01	1.499986e-02
7.500000218098560e+00	0.000000e+00	-1.499986e+01	1.499986e-02
7.500000344677742e+00	0.000000e+00	-1.499986e+01	1.499986e-02
7.500000597836108e+00	0.000000e+00	-1.499986e+01	1.499986e-02
7.500000850191062e+00	0.000000e+00	-1.499986e+01	1.499986e-02
7.500001082684074e+00	0.000000e+00	-1.499986e+01	1.499986e-02
7.500001305863578e+00	0.000000e+00	-1.499986e+01	1.499986e-02
7.500001545666994e+00	0.000000e+00	-1.499986e+01	1.499986e-02
7.500001769190921e+00	0.000000e+00	-1.499986e+01	1.499986e-02
7.500001835081245e+00	0.000000e+00	-1.499987e+01	1.499987e-02
7.500001851978433e+00	0.000000e+00	-1.499987e+01	1.499987e-02
7.500001855094513e+00	0.000000e+00	-1.499987e+01	1.499987e-02
7.500001856035259e+00	0.000000e+00	-1.499987e+01	1.499987e-02
7.500001856311994e+00	0.000000e+00	-1.499987e+01	1.499987e-02
7.500001856526954e+00	0.000000e+00	-1.499987e+01	1.499987e-02
7.500001856753968e+00	0.000000e+00	-1.499987e+01	1.499987e-02
7.500001857054758e+00	0.000000e+00	-1.499987e+01	1.499987e-02
7.500001857342195e+00	0.000000e+00	-1.499987e+01	1.499987e-02
7.500001857753272e+00	0.000000e+00	-1.499987e+01	1.499987e-02
7.500001858235748e+00	0.000000e+00	-1.499987e+01	1.499987e-02
7.500001859050573e+00	0.000000e+00	-1.499987e+01	1.499987e-02
7.500001860375699e+00	0.000000e+00	-1.499987e+01	1.499987e-02
7.500001863025950e+00	0.000000e+00	-1.499987e+01	1.499987e-02
7.500001868326454e+00	0.000000e+00	-1.499987e+01	1.499987e-02
7.500002023325554e+00	0.000000e+00	-1.499987e+01	1.499987e-02
7.500002188657928e+00	0.000000e+00	-1.499987e+01	1.499987e-02
7.500002430860463e+00	0.000000e+00	-1.499987e+01	1.499987e-02
7.500002539817001e+00	0.000000e+00	-1.499986e+01	1.499986e-02
7.500002662232436e+00	0.000000e+00	-1.499986e+01	1.499986e-02
7.500002779802941e+00	0.000000e+00	-1.499986e+01	1.499986e-02
7.500002904217201e+00	0.000000e+00	-1.499986e+01	1.499986e-02
7.500003048771687e+00	0.000000e+00	-1.499986e+01	1.499986e-02
7.500003223347029e+00	0.000000e+00	-1.499986e+01	1.499986e-02
7.500003572497715e+00	0.000000e+00	-1.499986e+01	1.499986e-02
7.500004270799087e+00	0.000000e+00	-1.499986e+01	1.499986e-02
7.500005244291910e+00	0.000000e+00	-1.499986e+01	1.499986e-02
7.500007191277557e+00	0.000000e+00	-1.499986e+01	1.499986e-02
7.500011085248849e+00	0.000000e+00	-1.499986e+01	1.499986e-02
8.000000000000000e+00	0.000000e+00	-1.499986e+01	1.499986e-02
8.000000001000000e+00	5.000000e+00	-1.499969e+01	1.499969e-02
8.000000001108884e+00	5.000000e+00	-1.499969e+01	1.499969e-02
8.000000001254064e+00	5.000000e+00	-1.499969e+01	1.499970e-02
8.000000001753493e+00	5.000000e+00	-1.499970e+01	1.499970e-02
8.000000002093939e+00	5.000000e+00	-1.499970e+01	1.499970e-02
8.000000002589527e+00	5.000000e+00	-1.499970e+01	1.499970e-02
8.000000003159885e+00	5.000000e+00	-1.499970e+01	1.499970e-02
8.000000004068207e+00	5.000000e+00	-1.499971e+01	1.499971e-02
8.000000005433822e+00	5.000000e+00	-1.499971e+01	1.499971e-02
8.000000008165053e+00	5.000000e+00	-1.499973e+01	1.499973e-02
8.000000013627512e+00	5.000000e+00	-1.499975e+01	1.499975e-02
8.000000022115412e+00	5.000000e+00	-1.499978e+01	1.499978e-02
8.000000038281181e+00	5.000000e+00	-1.499982e+01	1.499982e-02
8.000000054712098e+00	5.000000e+00	-1.499985e+01	1.499985e-02
8.000000070156673e+00	5.000000e+00	-1.499986e+01	1.499986e-02
8.000000087540398e+00	5.000000e+00	-1.499986e+01	1.499986e-02
8.000000106312850e+00	5.000000e+00	-1.499986e+01	1.499986e-02
8.000000130828418e+00	5.000000e+00	-1.499986e+01	1.499986e-02
8.000000162237415e+00	5.000000e+00	-1.499986e+01	1.499986e-02
8.000000210354010e+00	5.000000e+00	-1.499986e+01	1.499986e-02
8.000000289445554e+00	5.000000e+00	-1.499986e+01	1.499986e-02
8.000000447628640e+00	5.000000e+00	-1.499986e+01	1.499986e-02
8.000000682346982e+00	5.000000e+00	-1.499986e+01	1.499986e-02
8.000001078704775e+00	5.000000e+00	-1.499986e+01	1.499986e-02
8.000001477289388e+00	5.000000e+00	-1.499986e+01	1.499986e-02
8.000002014148070e+00	5.000000e+00	-1.499986e+01	1.499986e-02
8.000002574695335e+00	5.000000e+00	-1.499986e+01	1.499986e-02
8.000004676862110e+00	5.000000e+00	-1.499986e+01	1.499986e-02
8.000006779028885e+00	5.000000e+00	-1.499986e+01	1.499986e-02
8.000008881195660e+00	5.000000e+00	-1.499986e+01	1.499986e-02
8.000010983362436e+00	5.000000e+00	-1.499986e+01	1.499986e-02
8.000013085529211e+00	5.000000e+00	-1.499986e+01	1.499986e-02
8.000015187695986e+00	5.000000e+00	-1.499986e+01	1.499986e-02
8.000017289862761e+00	5.000000e+00	-1.499986e+01	1.499986e-02
8.500000001000000e+00	5.000000e+00	-1.499986e+01	1.499986e-02
8.500000002000000e+00	0.000000e+00	-1.499987e+01	1.499987e-02
8.500000018000001e+00	0.000000e+00	-1.499987e+01	1.499987e-02
8.500000020692184e+00	0.000000e+00	-1.499987e+01	1.499987e-02
8.500000025234757e+00	0.000000e+00	-1.499986e+01	1.499986e-02
8.500000034319902e+00	0.000000e+00	-1.499986e+01	1.499986e-02
8.500000052490192e+00	0.000000e+00	-1.499986e+01	1.499986e-02
8.500000088830772e+00	0.000000e+00	-1.499986e+01	1.499986e-02
8.500000141718969e+00	0.000000e+00	-1.499986e+01	1.499986e-02
8.500000218098558e+00	0.000000e+00	-1.499986e+01	1.499986e-02
8.500000344677726e+00	0.000000e+00	-1.499986e+01	1.499986e-02
8.500000597836065e+00	0.000000e+00	-1.499986e+01	1.499986e-02
8.500000850191014e+00	0.000000e+00	-1.499986e+01	1.499986e-02
8.500001082684028e+00	0.000000e+00	-1.499986e+01	1.499986e-02
8.500001305863533e+00	0.000000e+00	-1.499986e+01	1.499986e-02
8.500001545666951e+00	0.000000e+00	-1.499986e+01	1.499986e-02
8.500001769190879e+00	0.000000e+00	-1.499986e+01	1.499986e-02
8.500001835081212e+00	0.000000e+00	-1.499987e+01	1.499987e-02
8.500001851978398e+00	0.000000e+00	-1.499987e+01	1.499987e-02
8.500001855094480e+00	0.000000e+00	-1.499987e+01	1.499987e-02
8.500001856035226e+00	0.000000e+00	-1.499987e+01	1.499987e-02
8.500001856311961e+00	0.000000e+00	-1.499987e+01	1.499987e-02
8.500001856526922e+00	0.000000e+00	-1.499987e+01	1.499987e-02
8.500001856753936e+00	0.000000e+00	-1.499987e+01	1.499987e-02
8.500001857054727e+00	0.000000e+00	-1.499987e+01	1.499987e-02
8.500001857342163e+00	0.000000e+00	-1.499987e+01	1.499987e-02
8.500001857753240e+00	0.000000e+00	-1.499987e+01	1.499987e-02
8.500001858235716e+00	0.000000e+00	-1.499987e+01	1.499987e-02
8.500001859050540e+00	0.000000e+00	-1.499987e+01	1.499987e-02
8.500001860375665e+00	0.000000e+00	-1.499987e+01	1.499987e-02
8.500001863025913e+00	0.000000e+00	-1.499987e+01	1.499987e-02
8.500001868326411e+00	0.000000e+00	-1.499987e+01	1.499987e-02
8.500002023325298e+00	0.000000e+00	-1.499987e+01	1.499987e-02
8.500002188657444e+00	0.000000e+00	-1.499987e+01	1.499987e-02
8.500002430861674e+00	0.000000e+00	-1.499987e+01	1.499987e-02
8.500002539818306e+00	0.000000e+00	-1.499986e+01	1.499986e-02
8.500002662234417e+00	0.000000e+00	-1.499986e+01	1.499986e-02
8.500002779805452e+00	0.000000e+00	-1.499986e+01	1.499986e-02
8.500002904220095e+00	0.000000e+00	-1.499986e+01	1.499986e-02
8.500003048775051e+00	0.000000e+00	-1.499986e+01	1.499986e-02
8.500003223351372e+00	0.000000e+00	-1.499986e+01	1.499986e-02
8.500003572504015e+00	0.000000e+00	-1.499986e+01	1.499986e-02
8.500004270809299e+00	0.000000e+00	-1.499986e+01	1.499986e-02
8.500005244312515e+00	0.000000e+00	-1.499986e+01	1.499986e-02
8.500007191318948e+00	0.000000e+00	-1.499986e+01	1.499986e-02
8.500011085331815e+00	0.000000e+00	-1.499986e+01	1.499986e-02
9.000000000000000e+00	0.000000e+00	-1.499986e+01	1.499986e-02
9.000000001000000e+00	5.000000e+00	-1.499969e+01	1.499969e-02
9.000000001108884e+00	5.000000e+00	-1.499969e+01	1.499969e-02
9.000000001254064e+00	5.000000e+00	-1.499969e+01	1.499970e-02
9.000000001753493e+00	5.000000e+00	-1.499970e+01	1.499970e-02
9.000000002093939e+00	5.000000e+00	-1.499970e+01	1.499970e-02
9.000000002589527e+00	5.000000e+00	-1.499970e+01	1.499970e-02
9.000000003159885e+00	5.000000e+00	-1.499970e+01	1.499970e-02
9.000000004068207e+00	5.000000e+00	-1.499971e+01	1.499971e-02
9.000000005433822e+00	5.000000e+00	-1.499971e+01	1.499971e-02
9.000000008165053e+00	5.000000e+00	-1.499973e+01	1.499973e-02
9.000000013627512e+00	5.000000e+00	-1.499975e+01	1.499975e-02
9.000000022115412e+00	5.000000e+00	-1.499978e+01	1.499978e-02
9.000000038281181e+00	5.000000e+00	-1.499982e+01	1.499982e-02
9.000000054712098e+00	5.000000e+00	-1.499985e+01	1.499985e-02
9.000000070156675e+00	5.000000e+00	-1.499986e+01	1.499986e-02
9.000000087540398e+00	5.000000e+00	-1.499986e+01	1.499986e-02
9.000000106312850e+00	5.000000e+00	-1.499986e+01	1.499986e-02
9.000000130828417e+00	5.000000e+00	-1.499986e+01	1.499986e-02
9.000000162237413e+00	5.000000e+00	-1.499986e+01	1.499986e-02
9.000000210354008e+00	5.000000e+00	-1.499986e+01	1.499986e-02
9.000000289445556e+00	5.000000e+00	-1.499986e+01	1.499986e-02
9.000000447628651e+00	5.000000e+00	-1.499986e+01	1.499986e-02
9.000000682346995e+00	5.000000e+00	-1.499986e+01	1.499986e-02
9.000001078704795e+00	5.000000e+00	-1.499986e+01	1.499986e-02
9.000001477289407e+00	5.000000e+00	-1.499986e+01	1.499986e-02
9.000002014148096e+00	5.000000e+00	-1.499986e+01	1.499986e-02
9.000002574695365e+00	5.000000e+00	-1.499986e+01	1.499986e-02
9.000004676862192e+00	5.000000e+00	-1.499986e+01	1.499986e-02
9.000006779029018e+00	5.000000e+00	-1.499986e+01	1.499986e-02
9.000008881195845e+00	5.000000e+00	-1.499986e+01	1.499986e-02
9.000010983362669e+00	5.000000e+00	-1.499986e+01	1.499986e-02
9.000013085529496e+00	5.000000e+00	-1.499986e+01	1.499986e-02
9.000015187696322e+00	5.000000e+00	-1.499986e+01	1.499986e-02
9.000017289863148e+00	5.000000e+00	-1.499986e+01	1.499986e-02
9.500000001000000e+00	5.000000e+00	-1.499986e+01	1.499986e-02
9.500000002000000e+00	0.000000e+00	-1.499987e+01	1.499987e-02
9.500000018000001e+00	0.000000e+00	-1.499987e+01	1.499987e-02
9.500000020692184e+00	0.000000e+00	-1.499987e+01	1.499987e-02
9.500000025234757e+00	0.000000e+00	-1.499986e+01	1.499986e-02
9.500000034319902e+00	0.000000e+00	-1.499986e+01	1.499986e-02
9.500000052490192e+00	0.000000e+00	-1.499986e+01	1.499986e-02
9.500000088830772e+00	0.000000e+00	-1.499986e+01	1.499986e-02
9.500000141718974e+00	0.000000e+00	-1.499986e+01	1.499986e-02
9.500000218098556e+00	0.000000e+00	-1.499986e+01	1.499986e-02
9.500000344677739e+00	0.000000e+00	-1.499986e+01	1.499986e-02
9.500000597836106e+00	0.000000e+00	-1.499986e+01	1.499986e-02
9.500000850191061e+00	0.000000e+00	-1.499986e+01	1.499986e-02
9.500001082684072e+00	0.000000e+00	-1.499986e+01	1.499986e-02
9.500001305863575e+00	0.000000e+00	-1.499986e+01	1.499986e-02
9.500001545666990e+00	0.000000e+00	-1.499986e+01	1.499986e-02
9.500001769190918e+00	0.000000e+00	-1.499986e+01	1.499986e-02
9.500001835081243e+00	0.000000e+00	-1.499987e+01	1.499987e-02
9.500001851978430e+00	0.000000e+00	-1.499987e+01	1.499987e-02
9.500001855094510e+00	0.000000e+00	-1.499987e+01	1.499987e-02
9.500001856035256e+00	0.000000e+00	-1.499987e+01	1.499987e-02
9.500001856311991e+00	0.000000e+00	-1.499987e+01	1.499987e-02
9.500001856526952e+00	0.000000e+00	-1.499987e+01	1.499987e-02
9.500001856753967e+00	0.000000e+00	-1.499987e+01	1.499987e-02
9.500001857054757e+00	0.000000e+00	-1.499987e+01	1.499987e-02
9.500001857342193e+00	0.000000e+00	-1.499987e+01	1.499987e-02
9.500001857753270e+00	0.000000e+00	-1.499987e+01	1.499987e-02
9.500001858235747e+00	0.000000e+00	-1.499987e+01	1.499987e-02
9.500001859050570e+00	0.000000e+00	-1.499987e+01	1.499987e-02
9.500001860375695e+00	0.000000e+00	-1.499987e+01	1.499987e-02
9.500001863025947e+00	0.000000e+00	-1.499987e+01	1.499987e-02
9.500001868326450e+00	0.000000e+00	-1.499987e+01	1.499987e-02
9.500002023325546e+00	0.000000e+00	-1.499987e+01	1.499987e-02
9.500002188657916e+00	0.000000e+00	-1.499987e+01	1.499987e-02
9.500002430860485e+00	0.000000e+00	-1.499987e+01	1.499987e-02
9.500002539817025e+00	0.000000e+00	-1.499986e+01	1.499986e-02
9.500002662232474e+00	0.000000e+00	-1.499986e+01	1.499986e-02
9.500002779802989e+00	0.000000e+00	-1.499986e+01	1.499986e-02
9.500002904217256e+00	0.000000e+00	-1.499986e+01	1.499986e-02
9.500003048771751e+00	0.000000e+00	-1.499986e+01	1.499986e-02
9.500003223347113e+00	0.000000e+00	-1.499986e+01	1.499986e-02
9.500003572497837e+00	0.000000e+00	-1.499986e+01	1.499986e-02
9.500004270799288e+00	0.000000e+00	-1.499986e+01	1.499986e-02
9.500005244292320e+00	0.000000e+00	-1.499986e+01	1.499986e-02
9.500007191278383e+00	0.000000e+00	-1.499986e+01	1.499986e-02
9.500011085250511e+00	0.000000e+00	-1.499986e+01	1.499986e-02
9.896812382145493e+00	0.000000e+00	-1.499986e+01	1.499986e-02
1.000000000000000e+01	0.000000e+00	-1.499986e+01	1.499986e-02
